0.01 0.992021287370737
0.02 0.984043372566196
0.03 0.976067053171775
0.04 0.968093126294339
0.05 0.960122388323255
0.06 0.952155634691786
0.07 0.944193659638958
0.08 0.936237255972025
0.09 0.928287214829656
0.1 0.920344325445942
0.11 0.912409374915366
0.12 0.904483147958832
0.13 0.896566426690878
0.14 0.888659990388187
0.15 0.880764615259515
0.16 0.872881074217134
0.17 0.865010136649923
0.18 0.857152568198199
0.19 0.849309130530409
0.2 0.841480581121794
0.21 0.833667673035115
0.22 0.825871154703571
0.23 0.818091769715988
0.24 0.810330256604408
0.25 0.802587348634153
0.26 0.794863773596479
0.27 0.787160253603921
0.28 0.779477504888406
0.29 0.771816237602245
0.3 0.764177155622095
0.31 0.756560956355961
0.32 0.74896833055336
0.33 0.741399962118693
0.34 0.733856527927944
0.35 0.726338697648762
0.36 0.718847133564018
0.37 0.711382490398907
0.38 0.703945415151674
0.39 0.696536546928035
0.4 0.689156516779352
0.41 0.681805947544645
0.42 0.674485453696499
0.43 0.667195641190915
0.44 0.659937107321187
0.45 0.65271044057584
0.46 0.645516220500695
0.47 0.638355017565112
0.48 0.631227393032445
0.49 0.624133898834781
0.5 0.617075077451974
0.51 0.610051461795039
0.52 0.603063575093932
0.53 0.596111930789753
0.54 0.589197032431396
0.55 0.582319373576693
0.56 0.575479437698054
0.57 0.568677698092648
0.58 0.561914617797129
0.59 0.55519064950693
0.6 0.548506235500147
0.61 0.541861807566011
0.62 0.535257786937966
0.63 0.528694584231355
0.64 0.522172599385723
0.65 0.515692221611729
0.66 0.509253829342672
0.67 0.50285779019062
0.68 0.496504460907141
0.69 0.490194187348619
0.7 0.483927304446146
0.71 0.477704136179973
0.72 0.471524995558502
0.73 0.465390184601795
0.74 0.459299994329581
0.75 0.453254704753736
0.76 0.447254584875199
0.77 0.441299892685299
0.78 0.435390875171466
0.79 0.429527768327274
0.8 0.423710797166793
0.81 0.417940175743203
0.82 0.412216107171626
0.83 0.406538783656137
0.84 0.400908386520899
0.85 0.395325086245385
0.86 0.389789042503617
0.87 0.384300404207392
0.88 0.378859309553424
0.89 0.373465886074345
0.9 0.368120250693519
0.91 0.362822509783594
0.92 0.357572759228743
0.93 0.352371084490516
0.94 0.347217560677249
0.95 0.342112252616964
0.96 0.337055214933676
0.97 0.332046492127059
0.98 0.327086118655385
0.99 0.322174119021662
1 0.317310507862914
1.01 0.312495290042509
1.02 0.30772846074547
1.03 0.303010005576687
1.04 0.298339900661963
1.05 0.293718112751792
1.06 0.289144599327819
1.07 0.284619308711878
1.08 0.280142180177538
1.09 0.275713144064071
1.1 0.271332121892765
1.11 0.266999026485494
1.12 0.262713762085461
1.13 0.258476224480036
1.14 0.254286301125596
1.15 0.2501438712743
1.16 0.246048806102687
1.17 0.242000968842036
1.18 0.238000214910401
1.19 0.234046392046217
1.2 0.230139340443417
1.21 0.226278892887955
1.22 0.222464874895669
1.23 0.218697104851384
1.24 0.214975394149174
1.25 0.21129954733371
1.26 0.207669362242601
1.27 0.204084630149638
1.28 0.200545135908884
1.29 0.197050658099496
1.3 0.193600969171221
1.31 0.190195835590478
1.32 0.186835017986944
1.33 0.183518271300562
1.34 0.180245344928905
1.35 0.177015982874804
1.36 0.17382992389417
1.37 0.170686901643934
1.38 0.167586644830029
1.39 0.164528877355338
1.4 0.161513318467542
1.41 0.158539682906785
1.42 0.155607681053093
1.43 0.152717019073478
1.44 0.149867399068654
1.45 0.147058519219297
1.46 0.144290073931788
1.47 0.141561753983371
1.48 0.138873246666663
1.49 0.136224235933451
1.5 0.133614402537716
1.51 0.131043424177833
1.52 0.128510975637872
1.53 0.126016728927957
1.54 0.123560353423624
1.55 0.121141516004118
1.56 0.118759881189586
1.57 0.116415111277106
1.58 0.114106866475508
1.59 0.111834805038939
1.6 0.109598583399116
1.61 0.107397856296239
1.62 0.105232276908504
1.63 0.103101496980179
1.64 0.101005166948207
1.65 0.0989429360672961
1.66 0.0969144525334456
1.67 0.0949193636058946
1.68 0.0929573157274401
1.69 0.0910279546430996
1.7 0.0891309255170861
1.71 0.0872658730480638
1.72 0.0854324415826579
1.73 0.0836302752271899
1.74 0.0818590179576147
1.75 0.0801183137276342
1.76 0.0784078065749653
1.77 0.0767271407257425
1.78 0.0750759606970336
1.79 0.0734539113974526
1.8 0.0718606382258516
1.81 0.0702957871680776
1.82 0.06875900489178
1.83 0.0672499388392567
1.84 0.0657682373183278
1.85 0.0643135495912274
1.86 0.0628855259615054
1.87 0.0614838178589319
1.88 0.0601080779223996
1.89 0.0587579600808188
1.9 0.0574331196320036
1.91 0.056133213319545
1.92 0.0548578994076736
1.93 0.0536068377541099
1.94 0.0523796898809054
1.95 0.0511761190432773
1.96 0.0499957902964409
1.97 0.0488383705604451
1.98 0.047703528683017
1.99 0.0465909355004237
2 0.0455002638963584
2.01 0.044431188858863
2.02 0.0433833875352936
2.03 0.0423565392853446
2.04 0.0413503257321401
2.05 0.0403644308114088
2.06 0.0393985408187538
2.07 0.0384523444550346
2.08 0.0375255328698755
2.09 0.0366177997033179
2.1 0.0357288411256331
2.11 0.0348583558753142
2.12 0.0340060452952656
2.13 0.03317161336721
2.14 0.0323547667443322
2.15 0.031555214782181
2.16 0.0307726695678509
2.17 0.0300068459474644
2.18 0.0292574615519785
2.19 0.0285242368213378
2.2 0.0278068950269972
2.21 0.02710516229284
2.22 0.0264187676145126
2.23 0.025747442877204
2.24 0.0250909228718932
2.25 0.0244489453100894
2.26 0.0238212508370941
2.27 0.0232075830438071
2.28 0.0226076884771056
2.29 0.0220213166488228
2.3 0.0214482200433516
2.31 0.0208881541239022
2.32 0.0203408773374394
2.33 0.0198061511183285
2.34 0.0192837398907167
2.35 0.0187734110696772
2.36 0.0182749350611454
2.37 0.0177880852606736
2.38 0.0173126380510331
2.39 0.0168483727986914
2.4 0.0163950718491923
2.41 0.0159525205214675
2.42 0.0155205071011073
2.43 0.0150988228326184
2.44 0.0146872619106967
2.45 0.0142856214705428
2.46 0.0138937015772486
2.47 0.0135113052142813
2.48 0.0131382382710935
2.49 0.0127743095298864
2.5 0.0124193306515523
2.51 0.0120731161608253
2.52 0.0117354834306651
2.53 0.0114062526659014
2.54 0.0110852468861652
2.55 0.0107722919081334
2.56 0.0104672163271116
2.57 0.0101698514979821
2.58 0.0098800315155413
2.59 0.00959759319425237
2.6 0.00932237604743751
2.61 0.00905422226593465
2.62 0.00879297669624263
2.63 0.00853848681817871
2.64 0.00829060272207209
2.65 0.00804917708551662
2.66 0.00781406514970556
2.67 0.00758512469537098
2.68 0.00736221601834997
2.69 0.00714520190479948
2.7 0.00693394760608134
2.71 0.00672832081333839
2.72 0.00652819163178263
2.73 0.00633343255471559
2.74 0.00614391843730099
2.75 0.00595952647010911
2.76 0.0057801361524523
2.77 0.00560562926553006
2.78 0.00543588984540252
2.79 0.0052708041558099
2.8 0.00511026066085587
2.81 0.00495414999757172
2.82 0.00480236494837851
2.83 0.00465480041346311
2.84 0.00451135338308465
2.85 0.00437192290982649
2.86 0.00423641008080924
2.87 0.00410471798987951
2.88 0.00397675170978865
2.89 0.00385241826437573
2.9 0.00373162660076808
2.91 0.00361428756161286
2.92 0.0035003138573522
2.93 0.00338962003855453
2.94 0.003282122468314
2.95 0.00317773929472974
2.96 0.00307639042347612
2.97 0.00297799749047493
2.98 0.00288248383468003
2.99 0.0027897744709845
3 0.00269979606326019
3.01 0.00261247689753894
3.02 0.0025277468553446
3.03 0.00244553738718452
3.04 0.00236578148620881
3.05 0.0022884136620454
3.06 0.00221336991481849
3.07 0.00214058770935785
3.08 0.00207000594960568
3.09 0.00200156495322802
3.1 0.00193520642643672
3.11 0.0018708734390282
3.12 0.00180851039964468
3.13 0.00174806303126314
3.14 0.00168947834691726
3.15 0.00163270462565712
3.16 0.00157769138875115
3.17 0.00152438937613447
3.18 0.00147275052310786
3.19 0.00142272793729073
3.2 0.0013742758758317
3.21 0.00132734972287994
3.22 0.00128190596732011
3.23 0.00123790218077367
3.24 0.00119529699586883
3.25 0.00115405008478153
3.26 0.00111412213804924
3.27 0.00107547484365939
3.28 0.00103807086641395
3.29 0.00100187382757144
3.3 0.000966848284767555
3.31 0.000932959712215099
3.32 0.000900174481184235
3.33 0.000868459840763311
3.34 0.00083778389890074
3.35 0.000808115603728043
3.36 0.000779424725164064
3.37 0.000751681836800168
3.38 0.000724858298066088
3.39 0.000698926236675943
3.4 0.000673858531353762
3.41 0.000649628794837757
3.42 0.0006262113571624
3.43 0.000603581249217275
3.44 0.000581714186581487
3.45 0.000560586553632355
3.46 0.000540175387926949
3.47 0.000520458364854934
3.48 0.000501413782561075
3.49 0.000483020547135673
3.5 0.00046525815807105
3.51 0.000448106693982186
3.52 0.000431546798589435
3.53 0.000415559666961243
3.54 0.00040012703201464
3.55 0.000385231151271267
3.56 0.000370854793866556
3.57 0.000356981227809695
3.58 0.000343594207491861
3.59 0.00033067796144022
3.6 0.000318217180315068
3.61 0.000306197005147511
3.62 0.000294603015814946
3.63 0.000283421219751638
3.64 0.000272638040891604
3.65 0.000262240308840969
3.66 0.000252215248276974
3.67 0.000242550468570716
3.68 0.000233233953630737
3.69 0.000224254051964494
3.7 0.000215599466954777
3.71 0.000207259247348062
3.72 0.000199222777951833
3.73 0.000191479770537829
3.74 0.000184020254948211
3.75 0.000176834570401608
3.76 0.000169913356995996
3.77 0.000163247547405372
3.78 0.00015682835876717
3.79 0.000150647284757367
3.8 0.00014469608785024
3.81 0.00013896679175973
3.82 0.00013345167405937
3.83 0.000128143258977749
3.84 0.000123034310366511
3.85 0.000118117824837845
3.86 0.000113387025068513
3.87 0.0001088353532674
3.88 0.00010445646480364
3.89 0.000100244221992377
3.9 9.61926880352055e-05
3.91 9.22961211124177e-05
3.92 8.85489686241415e-05
3.93 8.49458615775225e-05
3.94 8.14816091171014e-05
3.95 7.81511931955751e-05
3.96 7.49497633821469e-05
3.97 7.18726318057077e-05
3.98 6.89152682301061e-05
3.99 6.6073295258805e-05
4 6.33424836662398e-05
4.01 6.07187478532364e-05
4.02 5.81981414238621e-05
4.03 5.57768528811278e-05
4.04 5.34512014389842e-05
4.05 5.1217632948083e-05
4.06 4.90727159328195e-05
4.07 4.70131377371911e-05
4.08 4.50357007770509e-05
4.09 4.31373188963612e-05
4.1 4.13150138250935e-05
4.11 3.95659117364482e-05
4.12 3.78872399011065e-05
4.13 3.62763234362618e-05
4.14 3.47305821472081e-05
4.15 3.32475274593046e-05
4.16 3.18247594381643e-05
4.17 3.04599638959558e-05
4.18 2.91509095817341e-05
4.19 2.78954454537626e-05
4.2 2.66914980318127e-05
4.21 2.55370688274699e-05
4.22 2.44302318505061e-05
4.23 2.33691311894149e-05
4.24 2.23519786642411e-05
4.25 2.13770515498688e-05
4.26 2.04426903679681e-05
4.27 1.95472967458352e-05
4.28 1.86893313403927e-05
4.29 1.7867311825654e-05
4.3 1.70798109419836e-05
4.31 1.63254546055262e-05
4.32 1.56029200762027e-05
4.33 1.49109341827103e-05
4.34 1.42482716029907e-05
4.35 1.36137531986681e-05
4.36 1.30062444019856e-05
4.37 1.2424653653803e-05
4.38 1.18679308912493e-05
4.39 1.13350660836535e-05
4.4 1.08250878154077e-05
4.41 1.03370619144483e-05
4.42 9.87009012506654e-06
4.43 9.42330882379447e-06
4.44 8.99588777713585e-06
4.45 8.58702893994373e-06
4.46 8.19596529327271e-06
4.47 7.82195972056141e-06
4.48 7.46430392102898e-06
4.49 7.12231735919511e-06
4.5 6.79534624946012e-06
4.51 6.48276257470678e-06
4.52 6.18396313791237e-06
4.53 5.89836864578303e-06
4.54 5.62542282344842e-06
4.55 5.36459155927771e-06
4.56 5.11536207890306e-06
4.57 4.87724214755884e-06
4.58 4.64975929986882e-06
4.59 4.43246009623508e-06
4.6 4.22490940500571e-06
4.61 4.02668970961868e-06
4.62 3.83740043994179e-06
4.63 3.65665732704832e-06
4.64 3.48409178068932e-06
4.65 3.31935028874294e-06
4.66 3.16209383794102e-06
4.67 3.01199735519231e-06
4.68 2.86874916884027e-06
4.69 2.73205048921229e-06
4.7 2.60161490783456e-06
4.71 2.47716791470494e-06
4.72 2.3584464330328e-06
4.73 2.24519837087235e-06
4.74 2.13718218909187e-06
4.75 2.03416648513741e-06
4.76 1.93592959206547e-06
4.77 1.84225919233429e-06
4.78 1.75295194585841e-06
4.79 1.66781313184582e-06
4.8 1.58665630395119e-06
4.81 1.50930295829274e-06
4.82 1.4355822138938e-06
4.83 1.36533050512333e-06
4.84 1.29839128572267e-06
4.85 1.2346147440184e-06
4.86 1.17385752893328e-06
4.87 1.11598248641956e-06
4.88 1.06085840595019e-06
4.89 1.00835977671507e-06
4.9 9.58366553180642e-07
4.91 9.10763929681463e-07
4.92 8.65442123723404e-07
4.93 8.22296167687861e-07
4.94 7.81225708636655e-07
4.95 7.42134815926665e-07
4.96 7.04931796352848e-07
4.97 6.69529016547235e-07
4.98 6.35842732370566e-07
4.99 6.03792925041697e-07
5 5.73303143758388e-07
5.01 5.44300354571164e-07
5.02 5.16714795279947e-07
5.03 4.9047983613074e-07
5.04 4.655318460972e-07
5.05 4.41810064539087e-07
5.06 4.19256478036741e-07
5.07 3.97815702207426e-07
5.08 3.7743486831612e-07
5.09 3.58063514499668e-07
5.1 3.3965348142952e-07
5.11 3.22158812244275e-07
5.12 3.05535656589132e-07
5.13 2.89742178605017e-07
5.14 2.74738468715684e-07
5.15 2.60486459066404e-07
5.16 2.46949842473033e-07
5.17 2.34093994745263e-07
5.18 2.21885900252693e-07
5.19 2.10294080607082e-07
5.2 1.99288526338669e-07
5.21 1.88840631448859e-07
5.22 1.78923130725815e-07
5.23 1.69510039713658e-07
5.24 1.60576597229918e-07
5.25 1.52099210329774e-07
5.26 1.44055401619319e-07
5.27 1.36423758823725e-07
5.28 1.2918388651965e-07
5.29 1.22316359944612e-07
5.3 1.15802680799292e-07
5.31 1.09625234961913e-07
5.32 1.03767252036848e-07
5.33 9.82127666625706e-08
5.34 9.29465815068825e-08
5.35 8.7954231880118e-08
5.36 8.32219518996393e-08
5.37 7.87366421415181e-08
5.38 7.44858387177423e-08
5.39 7.0457683719686e-08
5.4 6.66408969708573e-08
5.41 6.30247490341644e-08
5.42 5.95990354210726e-08
5.43 5.63540519520798e-08
5.44 5.32805712199346e-08
5.45 5.03698201089222e-08
5.46 4.76134583254007e-08
5.47 4.50035578965371e-08
5.48 4.25325835959184e-08
5.49 4.01933742563529e-08
5.5 3.79791249317754e-08
5.51 3.58833698716943e-08
5.52 3.38999662731017e-08
5.53 3.20230787761818e-08
5.54 3.02471646715219e-08
5.55 2.85669597878455e-08
5.56 2.69774650305569e-08
5.57 2.54739335425998e-08
5.58 2.40518584603098e-08
5.59 2.27069612380644e-08
5.6 2.14351805166219e-08
5.61 2.02326615110828e-08
5.62 1.90957458954085e-08
5.63 1.80209621613981e-08
5.64 1.70050164309501e-08
5.65 1.60447837013271e-08
5.66 1.51372995039954e-08
5.67 1.42797519584368e-08
5.68 1.34694742031151e-08
5.69 1.2703937186544e-08
5.7 1.19807428021271e-08
5.71 1.12976173511419e-08
5.72 1.0652405318911e-08
5.73 1.00430634498491e-08
5.74 9.46765510769116e-09
5.75 8.92434490780322e-09
5.76 8.41139360904405e-09
5.77 7.92715325319531e-09
5.78 7.47006254049949e-09
5.79 7.03864243034925e-09
5.8 6.63149195665233e-09
5.81 6.24728424786004e-09
5.82 5.88476274208872e-09
5.83 5.54273758818926e-09
5.84 5.22008222402583e-09
5.85 4.91573012361607e-09
5.86 4.62867170515712e-09
5.87 4.35795139232112e-09
5.88 4.10266482154519e-09
5.89 3.86195618837062e-09
5.9 3.63501572619888e-09
5.91 3.421077311134e-09
5.92 3.21941618686849e-09
5.93 3.02934680384531e-09
5.94 2.85022076719314e-09
5.95 2.68142488818374e-09
5.96 2.52237933420219e-09
5.97 2.37253587245146e-09
5.98 2.23137620283435e-09
5.99 2.09841037566631e-09
6 1.9731752900754e-09
6.01 1.85523326913823e-09
6.02 1.74417070798595e-09
6.03 1.63959679129026e-09
6.04 1.54114227670849e-09
6.05 1.44845834102753e-09
6.06 1.36121548590084e-09
6.07 1.27910250021933e-09
6.08 1.20182547629769e-09
6.09 1.12910687719161e-09
6.1 1.06068465258977e-09
6.11 9.9631140084625e-10
6.12 9.35753574836322e-10
6.13 8.78790729429339e-10
6.14 8.25214808479359e-10
6.15 7.74829469335133e-10
6.16 7.27449442968139e-10
6.17 6.82899927909475e-10
6.18 6.41016016274683e-10
6.19 6.01642150239367e-10
6.2 5.64631607408654e-10
6.21 5.29846013599881e-10
6.22 4.97154881630602e-10
6.23 4.66435174773505e-10
6.24 4.37570893605806e-10
6.25 4.10452685043788e-10
6.26 3.849774724131e-10
6.27 3.61048105462685e-10
6.28 3.38573029284609e-10
6.29 3.17465971153974e-10
6.3 2.97645644352463e-10
6.31 2.79035468086136e-10
6.32 2.61563302652847e-10
6.33 2.45161199057265e-10
6.34 2.2976516231206e-10
6.35 2.15314927702433e-10
6.36 2.01753749327858e-10
6.37 1.890282002699e-10
6.38 1.77087983768155e-10
6.39 1.65885754818043e-10
6.4 1.55376951634196e-10
6.41 1.45519636451807e-10
6.42 1.36274345165468e-10
6.43 1.27603945330895e-10
6.44 1.19473502079462e-10
6.45 1.11850151518854e-10
6.46 1.0470298121528e-10
6.47 9.80029173738192e-11
6.48 9.17226183534502e-11
6.49 8.58363741723595e-11
6.5 8.03200116771824e-11
6.51 7.51508050669768e-11
6.52 7.03073914790349e-11
6.53 6.57696913590848e-11
6.54 6.15188333531293e-11
6.55 5.75370834720866e-11
6.56 5.38077782936405e-11
6.57 5.03152619782372e-11
6.58 4.70448268880834e-11
6.59 4.3982657609285e-11
6.6 4.11157781879905e-11
6.61 3.84320024015497e-11
6.62 3.59198868953463e-11
6.63 3.35686870250862e-11
6.64 3.13683152529989e-11
6.65 2.93093019546055e-11
6.66 2.73827585005003e-11
6.67 2.55803424849589e-11
6.68 2.38942249801819e-11
6.69 2.23170597015987e-11
6.7 2.08419539759304e-11
6.71 1.94624414096536e-11
6.72 1.81724561611307e-11
6.73 1.69663087250042e-11
6.74 1.58386631424968e-11
6.75 1.47845155560356e-11
6.76 1.37991740311394e-11
6.77 1.28782395727918e-11
6.78 1.201758826757e-11
6.79 1.12133544866313e-11
6.8 1.04619150882892e-11
6.81 9.75987456233866e-12
6.82 9.10405106153603e-12
6.83 8.49146326870885e-12
6.84 7.91931805087177e-12
6.85 7.38499885447122e-12
6.86 6.88605479847398e-12
6.87 6.42019042446916e-12
6.88 5.9852560652701e-12
6.89 5.57923879569532e-12
6.9 5.20025393127633e-12
6.91 4.84653704259797e-12
6.92 4.51643645482342e-12
6.93 4.20840620370369e-12
6.94 3.92099942101854e-12
6.95 3.65286212395392e-12
6.96 3.40272738439136e-12
6.97 3.16940985547215e-12
6.98 2.95180063411109e-12
6.99 2.74886243937025e-12
7 2.55962508777167e-12
7.01 2.38318124772899e-12
7.02 2.21868245631829e-12
7.03 2.06533538258854e-12
7.04 1.92239832253788e-12
7.05 1.78917791175398e-12
7.06 1.66502604254053e-12
7.07 1.5493369731273e-12
7.08 1.4415446172935e-12
7.09 1.34112000342373e-12
7.1 1.24756889266632e-12
7.11 1.16042954647665e-12
7.12 1.07927063440584e-12
7.13 1.00368927353929e-12
7.14 9.33309191502638e-13
7.15 8.67779005435612e-13
7.16 8.06770609789511e-13
7.17 7.4997766623246e-13
7.18 6.97114189350482e-13
7.19 6.4791322221227e-13
7.2 6.02125596223487e-13
7.21 5.59518770033285e-13
7.22 5.19875742572728e-13
7.23 4.82994035603342e-13
7.24 4.48684741434716e-13
7.25 4.16771631734414e-13
7.26 3.8709032360193e-13
7.27 3.59487499312434e-13
7.28 3.33820176355857e-13
7.29 3.0995502460384e-13
7.3 2.87767727631518e-13
7.31 2.67142385404094e-13
7.32 2.47970955710062e-13
7.33 2.30152731884583e-13
7.34 2.1359385451846e-13
7.35 1.98206854990951e-13
7.36 1.83910228798801e-13
7.37 1.70628036779961e-13
7.38 1.58289532448865e-13
7.39 1.46828813771434e-13
7.4 1.361844978124e-13
7.41 1.26299416785722e-13
7.42 1.1712033413097e-13
7.43 1.08597679325104e-13
7.44 1.00685300220258e-13
7.45 9.33402317743807e-14
7.46 8.65224801131622e-14
7.47 8.01948209287899e-14
7.48 7.43226112841101e-14
7.49 6.88736139498747e-14
7.5 6.38178334582179e-14
7.51 5.91273631075179e-14
7.52 5.47762422026025e-14
7.53 5.07403228599969e-14
7.54 4.69971457508222e-14
7.55 4.35258241941716e-14
7.56 4.03069360515064e-14
7.57 3.73224229079486e-14
7.58 3.45554960594816e-14
7.59 3.19905488561063e-14
7.6 2.96130749800962e-14
7.61 2.74095922657387e-14
7.62 2.53675716924854e-14
7.63 2.34753712073433e-14
7.64 2.17221740547381e-14
7.65 2.00979313130526e-14
7.66 1.85933083566798e-14
7.67 1.71996349808174e-14
7.68 1.5908858943443e-14
7.69 1.47135026950185e-14
7.7 1.36066230815479e-14
7.71 1.25817738207275e-14
7.72 1.16329705641232e-14
7.73 1.07546583706682e-14
7.74 9.94168142832392e-15
7.75 9.18925487155719e-15
7.76 8.49293855239391e-15
7.77 7.84861263226315e-15
7.78 7.25245487068202e-15
7.79 6.70091949509666e-15
7.8 6.1907175439174e-15
7.81 5.71879858200838e-15
7.82 5.28233369463788e-15
7.83 4.8786996722029e-15
7.84 4.50546430393226e-15
7.85 4.16037270427878e-15
7.86 3.84133460085214e-15
7.87 3.54641251754789e-15
7.88 3.27381079101356e-15
7.89 3.02186536278275e-15
7.9 2.78903429331853e-15
7.91 2.57388894786026e-15
7.92 2.37510580737611e-15
7.93 2.1914588611065e-15
7.94 2.02181254015266e-15
7.95 1.86511515433625e-15
7.96 1.72039279714156e-15
7.97 1.58674368596479e-15
7.98 1.46333290714499e-15
7.99 1.34938753735071e-15
8 1.24419211485436e-15
8.01 1.14708443605161e-15
8.02 1.05745165428624e-15
8.03 9.74726659627265e-16
8.04 8.98384719725386e-16
8.05 8.27940363254629e-16
8.06 7.62944488730564e-16
8.07 7.02981682694111e-16
8.08 6.47667732366457e-16
8.09 5.96647318920052e-16
8.1 5.49591878479646e-16
8.11 5.0619761886954e-16
8.12 4.66183680963664e-16
8.13 4.29290434277666e-16
8.14 3.95277897170999e-16
8.15 3.63924272705326e-16
8.16 3.35024591837384e-16
8.17 3.0838945621218e-16
8.18 2.83843873369674e-16
8.19 2.61226177687331e-16
8.2 2.40387030854717e-16
8.21 2.21188496117193e-16
8.22 2.0350318093589e-16
8.23 1.87213443092632e-16
8.24 1.72210655623257e-16
8.25 1.5839452629285e-16
8.26 1.4567246763311e-16
8.27 1.33959013847464e-16
8.28 1.2317528115466e-16
8.29 1.13248468388169e-16
8.3 1.04111394897805e-16
8.31 9.57020730129572e-17
8.32 8.7963312524647e-17
8.33 8.08423548275399e-17
8.34 7.42905345337737e-17
8.35 6.8262966529163e-17
8.36 6.27182565896853e-17
8.37 5.76182338130167e-17
8.38 5.29277032469629e-17
8.39 4.86142172146365e-17
8.4 4.46478639457609e-17
8.41 4.10010722251969e-17
8.42 3.76484308641491e-17
8.43 3.45665218871204e-17
8.44 3.17337664089654e-17
8.45 2.91302822518188e-17
8.46 2.67377524216454e-17
8.47 2.45393036290731e-17
8.48 2.251939409938e-17
8.49 2.06637099723373e-17
8.5 1.89590696444066e-17
8.51 1.73933354537921e-17
8.52 1.59553321533665e-17
8.53 1.46347716577592e-17
8.54 1.34221835891422e-17
8.55 1.23088511817008e-17
8.56 1.12867521376311e-17
8.57 1.03485040579434e-17
8.58 9.48731409955948e-18
8.59 8.69693253631723e-18
8.6 7.97160992569636e-18
8.61 7.3060576054985e-18
8.62 6.69541126547027e-18
8.63 6.13519735808159e-18
8.64 5.62130213046844e-18
8.65 5.14994307602377e-18
8.66 4.71764261937444e-18
8.67 4.32120386259499e-18
8.68 3.95768823357443e-18
8.69 3.62439488954041e-18
8.7 3.31884173992957e-18
8.71 3.03874796314107e-18
8.72 2.78201790128197e-18
8.73 2.54672622586596e-18
8.74 2.33110427561646e-18
8.75 2.13352747509497e-18
8.76 1.95250374987764e-18
8.77 1.78666286047513e-18
8.78 1.63474658317412e-18
8.79 1.49559967150948e-18
8.8 1.36816153718711e-18
8.81 1.25145859400129e-18
8.82 1.14459721265424e-18
8.83 1.0467572384186e-18
8.84 9.57186027307978e-19
8.85 8.75192959861808e-19
8.86 8.00144394828655e-19
8.87 7.31459027966715e-19
8.88 6.68603623890286e-19
8.89 6.11089091392963e-19
8.9 5.58466874987929e-19
8.91 5.10325637538201e-19
8.92 4.66288210817174e-19
8.93 4.26008792656167e-19
8.94 3.89170371011397e-19
8.95 3.55482356829109e-19
8.96 3.24678409014019e-19
8.97 2.96514436122207e-19
8.98 2.70766760613159e-19
8.99 2.47230432615228e-19
9 2.25717681190768e-19
9.01 2.0605649203912e-19
9.02 1.8808930145297e-19
9.03 1.71671797152568e-19
9.04 1.56671817367813e-19
9.05 1.42968340225394e-19
9.06 1.30450556131427e-19
9.07 1.19017016423441e-19
9.08 1.08574852103277e-19
9.09 9.90390569575636e-20
9.1 9.03318298287091e-20
9.11 8.23819712194539e-20
9.12 7.51243298009622e-20
9.13 6.84992947507246e-20
9.14 6.24523301745874e-20
9.15 5.69335481692043e-20
9.16 5.18973173592399e-20
9.17 4.73019039994877e-20
9.18 4.31091429675688e-20
9.19 3.92841361895596e-20
9.2 3.57949762402811e-20
9.21 3.26124930434064e-20
9.22 2.97100217652912e-20
9.23 2.70631901516185e-20
9.24 2.46497236987171e-20
9.25 2.2449267182656e-20
9.26 2.04432211899263e-20
9.27 1.86145924044917e-20
9.28 1.69478565079978e-20
9.29 1.54288326437039e-20
9.3 1.40445684808833e-20
9.31 1.27832349956395e-20
9.32 1.16340301568611e-20
9.33 1.05870907729095e-20
9.34 9.63341181605812e-21
9.35 8.76477259813301e-21
9.36 7.97366922263196e-21
9.37 7.25325278619792e-21
9.38 6.59727284603053e-21
9.39 6.00002570995281e-21
9.4 5.45630714269223e-21
9.41 4.96136911576175e-21
9.42 4.51088025936741e-21
9.43 4.10088970326349e-21
9.44 3.72779401962222e-21
9.45 3.38830700497628e-21
9.46 3.07943206030404e-21
9.47 2.79843694852031e-21
9.48 2.54283072715651e-21
9.49 2.31034267100414e-21
9.5 2.09890301507252e-21
9.51 1.90662536249868e-21
9.52 1.73179061514489e-21
9.53 1.57283229662721e-21
9.54 1.42832314852565e-21
9.55 1.29696289061545e-21
9.56 1.17756704520493e-21
9.57 1.06905673413812e-21
9.58 9.70449364784076e-22
9.59 8.80850128446783e-22
9.6 7.99444241145248e-22
9.61 7.25489862681463e-22
9.62 6.58311635379556e-22
9.63 5.97294788884967e-22
9.64 5.41879761995786e-22
9.65 4.91557296694466e-22
9.66 4.4586396339003e-22
9.67 4.04378079896906e-22
9.68 3.66715989895176e-22
9.69 3.3252866956236e-22
9.7 3.01498633762041e-22
9.71 2.73337115640686e-22
9.72 2.47781495740099e-22
9.73 2.24592958796609e-22
9.74 2.03554358285924e-22
9.75 1.84468270498788e-22
9.76 1.67155221511366e-22
9.77 1.51452071857792e-22
9.78 1.3721054503204e-22
9.79 1.24295887152765e-22
9.8 1.12585646227531e-22
9.81 1.01968560460774e-22
9.82 9.23435459709139e-23
9.83 8.36187751237181e-23
9.84 7.57108374580014e-23
9.85 6.85439758822734e-23
9.86 6.20493914626965e-23
9.87 5.61646107088461e-23
9.88 5.08329097990769e-23
9.89 4.6002790676122e-23
9.9 4.16275043898641e-23
9.91 3.76646174717351e-23
9.92 3.40756174971448e-23
9.93 3.08255543318961e-23
9.94 2.78827138684144e-23
9.95 2.52183213404138e-23
9.96 2.28062715626559e-23
9.97 2.06228836778885e-23
9.98 1.8646678207817e-23
9.99 1.68581744008861e-23
10 1.52397060483211e-23
10.01 1.37752541028444e-23
10.02 1.24502945830797e-23
10.03 1.12516603821396e-23
10.04 1.01674157224208e-23
10.05 9.18674211122592e-24
10.06 8.29983475446828e-24
10.07 7.4978084792484e-24
10.08 6.7726123013391e-24
10.09 6.11695185127728e-24
10.1 5.52421894352903e-24
10.11 4.98842763765757e-24
10.12 4.50415619914412e-24
10.13 4.06649442099382e-24
10.14 3.67099581596445e-24
10.15 3.31363423360534e-24
10.16 2.99076449667784e-24
10.17 2.69908668828879e-24
10.18 2.43561375453541e-24
10.19 2.19764211791971e-24
10.2 1.98272502451201e-24
10.21 1.78864837307011e-24
10.22 1.61340879727485e-24
10.23 1.45519379312572e-24
10.24 1.31236370253932e-24
10.25 1.18343538147312e-24
10.26 1.06706739661456e-24
10.27 9.62046608968668e-25
10.28 8.67276015674344e-25
10.29 7.81763733196624e-25
10.3 7.04613015785282e-25
10.31 6.35013212856029e-25
10.32 5.72231577826447e-25
10.33 5.15605849006303e-25
10.34 4.64537530471949e-25
10.35 4.18485807515685e-25
10.36 3.76962037312346e-25
10.37 3.39524760942804e-25
10.38 3.05775187907512e-25
10.39 2.75353108798514e-25
10.4 2.47933195916801e-25
10.41 2.23221655361987e-25
10.42 2.00953197516612e-25
10.43 1.80888295930155e-25
10.44 1.62810707406059e-25
10.45 1.46525228634886e-25
10.46 1.31855667021735e-25
10.47 1.18643005447781e-25
10.48 1.06743742603619e-25
10.49 9.60283922540902e-26
10.5 8.63801263561846e-26
10.51 7.76935483685366e-26
10.52 6.98735843760158e-26
10.53 6.28344808182904e-26
10.54 5.64988986679278e-26
10.55 5.07970948616814e-26
10.56 4.56661826571873e-26
10.57 4.10494633746086e-26
10.58 3.68958226964286e-26
10.59 3.31591853452972e-26
10.6 2.97980225459296e-26
10.61 2.67749072080741e-26
10.62 2.40561122486725e-26
10.63 2.16112479071677e-26
10.64 1.94129343026824e-26
10.65 1.74365058393315e-26
10.66 1.56597443897315e-26
10.67 1.40626384799527e-26
10.68 1.26271659646227e-26
10.69 1.13370979212091e-26
10.7 1.01778217100546e-26
10.71 9.13618134362993e-27
10.72 8.20033348667462e-27
10.73 7.35961757014296e-27
10.74 6.60443864778455e-27
10.75 5.92616175618872e-27
10.76 5.31701665854024e-27
10.77 4.77001196034762e-27
10.78 4.27885768309748e-27
10.79 3.83789547013532e-27
10.8 3.44203567895955e-27
10.81 3.08670068634492e-27
10.82 2.76777379800848e-27
10.83 2.48155321355983e-27
10.84 2.2247105508263e-27
10.85 1.99425348186134e-27
10.86 1.78749207651521e-27
10.87 1.60200848881638e-27
10.88 1.43562965698079e-27
10.89 1.28640271999813e-27
10.9 1.15257288276712e-27
10.91 1.03256348796669e-27
10.92 9.24958076521512e-28
10.93 8.28484239897168e-28
10.94 7.41999086760313e-28
10.95 6.64476163963309e-28
10.96 5.94993687541268e-28
10.97 5.32723953606135e-28
10.98 4.76923811834523e-28
10.99 4.26926095808409e-28
11 3.82131914899735e-28
11.01 3.42003721802475e-28
11.02 3.06059078306536e-28
11.03 2.73865049566813e-28
11.04 2.45033164028493e-28
11.05 2.19214882399281e-28
11.06 1.96097524676685e-28
11.07 1.75400609303194e-28
11.08 1.56872563088524e-28
11.09 1.40287764654009e-28
11.1 1.25443887864341e-28
11.11 1.12159515055463e-28
11.12 1.00271992880577e-28
11.13 8.96355063111931e-29
11.14 8.01193487762921e-29
11.15 7.16063686262052e-29
11.16 6.39915740928448e-29
11.17 5.71808807056029e-29
11.18 5.10899867323076e-29
11.19 4.56433636644046e-29
11.2 4.07733500708978e-29
11.21 3.64193383207942e-29
11.22 3.25270447317073e-29
11.23 2.9047854654484e-29
11.24 2.5938234860739e-29
11.25 2.31592063713728e-29
11.26 2.06758715581096e-29
11.27 1.84569899744375e-29
11.28 1.6474597934011e-29
11.29 1.47036673598141e-29
11.3 1.31217998818083e-29
11.31 1.17089525694686e-29
11.32 1.04471920530996e-29
11.33 9.32047411826703e-30
11.34 8.31444615473535e-30
11.35 7.41627010836329e-30
11.36 6.6144638244415e-30
11.37 5.89875888669458e-30
11.38 5.25997325004174e-30
11.39 4.68989713941819e-30
11.4 4.1811908434771e-30
11.41 3.72729317260841e-30
11.42 3.32233947701674e-30
11.43 2.96108823405169e-30
11.44 2.63885531587015e-30
11.45 2.35145514000391e-30
11.46 2.09514798755751e-30
11.47 1.86659284751732e-30
11.48 1.66280521186327e-30
11.49 1.48111930560739e-30
11.5 1.31915428922273e-30
11.51 1.17478401879631e-30
11.52 1.0461099921931e-30
11.53 9.31437148058088e-31
11.54 8.29252219058098e-31
11.55 7.38204371780738e-31
11.56 6.57087893526493e-31
11.57 5.84826711179117e-31
11.58 5.20460549713327e-31
11.59 4.63132557959529e-31
11.6 4.12078247231758e-31
11.61 3.66615604548948e-31
11.62 3.26136256632733e-31
11.63 2.90097573819032e-31
11.64 2.58015614629783e-31
11.65 2.29458822153945e-31
11.66 2.04042392707889e-31
11.67 1.81423245595619e-31
11.68 1.61295530269801e-31
11.69 1.43386613894793e-31
11.7 1.27453498313723e-31
11.71 1.13279620795514e-31
11.72 1.0067199774964e-31
11.73 8.94586749045742e-32
11.74 7.94864513028173e-32
11.75 7.06188479177199e-32
11.76 6.27342947874436e-32
11.77 5.57245133268302e-32
11.78 4.94930729526291e-32
11.79 4.39541033717722e-32
11.8 3.90311458633911e-32
11.81 3.46561286574183e-32
11.82 3.07684530977448e-32
11.83 2.73141786956514e-32
11.84 2.42452964470544e-32
11.85 2.15190809208207e-32
11.86 1.90975126390418e-32
11.87 1.69467631763514e-32
11.88 1.50367362154267e-32
11.89 1.33406585198527e-32
11.9 1.18347154326122e-32
11.91 1.04977260867266e-32
11.92 9.3108540312485e-33
11.93 8.25734943744017e-33
11.94 7.32231946236117e-33
11.95 6.49252371545332e-33
11.96 5.75619210271954e-33
11.97 5.10286261691655e-33
11.98 4.52323690455176e-33
11.99 4.00905167474485e-33
12 3.55296422415536e-33
12.01 3.14845053888223e-33
12.02 2.78971460088613e-33
12.03 2.47160767521729e-33
12.04 2.18955648705843e-33
12.05 1.93949931602619e-33
12.06 1.7178291408406e-33
12.07 1.52134306174148e-33
12.08 1.3471973121174e-33
12.09 1.19286724581534e-33
12.1 1.05611175348671e-33
12.11 9.34941620973094e-34
12.12 8.27591395918719e-34
12.13 7.32494376213276e-34
12.14 6.4826037613825e-34
12.15 5.73655963767362e-34
12.16 5.07586896753133e-34
12.17 4.4908251355754e-34
12.18 3.9728186385202e-34
12.19 3.51421385571899e-34
12.2 3.10823957277921e-34
12.21 2.74889173333601e-34
12.22 2.4308470620242e-34
12.23 2.14938635126761e-34
12.24 1.90032633771113e-34
12.25 1.67995921272668e-34
12.26 1.48499891702608e-34
12.27 1.31253346342292e-34
12.28 1.15998261546755e-34
12.29 1.02506032416011e-34
12.3 9.05741391231757e-35
12.31 8.00231886468117e-35
12.32 7.06942899032054e-35
12.33 6.24467249434599e-35
12.34 5.51558830339796e-35
12.35 4.87114281335442e-35
12.36 4.30156735661493e-35
12.37 3.79821406110171e-35
12.38 3.35342803296417e-35
12.39 2.96043402600653e-35
12.4 2.61323596624927e-35
12.41 2.30652788261683e-35
12.42 2.03561495702315e-35
12.43 1.79634355135518e-35
12.44 1.5850391970198e-35
12.45 1.39845164660249e-35
12.46 1.23370618836578e-35
12.47 1.08826051420039e-35
12.48 9.59866511483775e-36
12.49 8.46536420215424e-36
12.5 7.46512859775543e-36
12.51 6.58242285577639e-36
12.52 5.80351485540304e-36
12.53 5.11626770387013e-36
12.54 4.50995550916449e-36
12.55 3.97510030121623e-36
12.56 3.50332768864749e-36
12.57 3.0872391117372e-36
12.58 2.72029879501969e-36
12.59 2.39673371832816e-36
12.6 2.11144511617729e-36
12.61 1.8599301848832e-36
12.62 1.63821282716235e-36
12.63 1.44278239728743e-36
12.64 1.2705395281178e-36
12.65 1.11874822616337e-36
12.66 9.84993513793949e-37
12.67 8.67143980107013e-37
12.68 7.63318675009595e-37
12.69 6.71857845807852e-37
12.7 5.9129707297041e-37
12.71 5.20344412570915e-37
12.72 4.57860197960887e-37
12.73 4.02839193131525e-37
12.74 3.54394825575915e-37
12.75 3.1174525777624e-37
12.76 2.74201084174284e-37
12.77 2.41154465043279e-37
12.78 2.12069530426457e-37
12.79 1.86473906562379e-37
12.8 1.63951234263259e-37
12.81 1.4413456380158e-37
12.82 1.26700524216069e-37
12.83 1.11364176767795e-37
12.84 9.78744727369449e-38
12.85 8.60102450058319e-38
12.86 7.55766710619684e-38
12.87 6.64021522987278e-38
12.88 5.83355608985647e-38
12.89 5.12438112508685e-38
12.9 4.50097178683013e-38
12.91 3.9530106197318e-38
12.92 3.47141466370314e-38
12.93 3.04818855449277e-38
12.94 2.67629500703649e-38
12.95 2.34954063636873e-38
12.96 2.06247531011728e-38
12.97 1.81030343802297e-38
12.98 1.58880579074025e-38
12.99 1.3942706052347e-38
13 1.22343287990998e-38
13.01 1.07342089140687e-38
13.02 9.41709078787815e-39
13.03 8.26076541298588e-39
13.04 7.24570484628642e-39
13.05 6.35474028937888e-39
13.06 5.57277861088303e-39
13.07 4.88655274582976e-39
13.08 4.28440194615561e-39
13.09 3.75607833206938e-39
13.1 3.29257661390175e-39
13.11 2.88598422452957e-39
13.12 2.52934942935354e-39
13.13 2.21656526920055e-39
13.14 1.94226744592785e-39
13.15 1.70174448490387e-39
13.16 1.49085870645507e-39
13.17 1.30597671289876e-39
13.18 1.14390825168264e-39
13.19 1.00185245084261e-39
13.2 8.7735054261485e-40
13.21 7.68244296487672e-40
13.22 6.7263947592283e-40
13.23 5.88873714889112e-40
13.24 5.15488282535822e-40
13.25 4.51203267937158e-40
13.26 3.94895772876694e-40
13.27 3.45580750007559e-40
13.28 3.02394167208801e-40
13.29 2.6457821725847e-40
13.3 2.31468325673807e-40
13.31 2.0248173927072e-40
13.32 1.77107504147157e-40
13.33 1.54897664819141e-40
13.34 1.35459536506894e-40
13.35 1.18448920409041e-40
13.36 1.03564147504858e-40
13.37 9.05408502426964e-41
13.38 7.91473736319085e-41
13.39 6.91807479538e-41
13.4 6.04631547189034e-41
13.41 5.28388257771556e-41
13.42 4.61713227696562e-41
13.43 4.03411505152484e-41
13.44 3.52436635572023e-41
13.45 3.07872300475357e-41
13.46 2.6891621500543e-41
13.47 2.34866007747996e-41
13.48 2.05106840075205e-41
13.49 1.79100551824403e-41
13.5 1.56376146113158e-41
13.51 1.36521448929923e-41
13.52 1.19175799206637e-41
13.53 1.04023642709619e-41
13.54 9.07889185726306e-42
13.55 7.92301408999021e-42
13.56 6.91360898150501e-42
13.57 6.0322036824698e-42
13.58 5.26264385793719e-42
13.59 4.59080412041288e-42
13.6 4.004334447363e-42
13.61 3.49243813409522e-42
13.62 3.04567738017709e-42
13.63 2.65580308783362e-42
13.64 2.31560587223788e-42
13.65 2.01878565343356e-42
13.66 1.75983752410691e-42
13.67 1.53395187207966e-42
13.68 1.33692698609476e-42
13.69 1.16509259247638e-42
13.7 1.01524296231958e-42
13.71 8.84578397297758e-43
13.72 7.7065404986232e-43
13.73 6.71335163089706e-43
13.74 5.84757928941007e-43
13.75 5.09295263194791e-43
13.76 4.43526882519037e-43
13.77 3.86213145571366e-43
13.78 3.36272186984988e-43
13.79 2.92759931774419e-43
13.8 2.54852629101368e-43
13.81 2.21831589373262e-43
13.82 1.93069848091331e-43
13.83 1.68020514411106e-43
13.84 1.46206592631439e-43
13.85 1.27212091318937e-43
13.86 1.10674257968717e-43
13.87 9.62767974077699e-44
13.88 8.37439499218454e-44
13.89 7.28353206444795e-44
13.9 6.33413653626156e-44
13.91 5.50794498084739e-44
13.92 4.78904099330286e-44
13.93 4.16355497781306e-44
13.94 3.61940215440796e-44
13.95 3.14605394296103e-44
13.96 2.73433849263597e-44
13.97 2.37626665890995e-44
13.98 2.0648801971906e-44
13.99 1.79411935027926e-44
14 1.55870736383856e-44
14.01 1.35404977602646e-44
14.02 1.17614660017828e-44
14.03 1.02151575777575e-44
14.04 8.87126327245084e-45
14.05 7.70340356146449e-45
14.06 6.68862143352153e-45
14.07 5.80694036752085e-45
14.08 5.04097913394723e-45
14.09 4.37561614984772e-45
14.1 3.79769704245835e-45
14.11 3.2957798851098e-45
14.12 2.85991327504957e-45
14.13 2.48144303923068e-45
14.14 2.15284389224753e-45
14.15 1.86757284033963e-45
14.16 1.61994153538639e-45
14.17 1.40500514063449e-45
14.18 1.21846558214966e-45
14.19 1.05658733243705e-45
14.2 9.16124110378958e-46
14.21 7.94255089004165e-46
14.22 6.88529383484709e-46
14.23 5.96817749517224e-46
14.24 5.17270559831054e-46
14.25 4.48281246538728e-46
14.26 3.88454501652505e-46
14.27 3.36578619290101e-46
14.28 2.91601442594736e-46
14.29 2.52609447692145e-46
14.3 2.18809557403781e-46
14.31 1.89513330068812e-46
14.32 1.64123214691141e-46
14.33 1.42120603587494e-46
14.34 1.23055448525695e-46
14.35 1.06537236667816e-46
14.36 9.22271490468926e-47
14.37 7.98312473104486e-47
14.38 6.90945544971119e-47
14.39 5.97959130562801e-47
14.4 5.1743518508045e-47
14.41 4.47710403621387e-47
14.42 3.87342534235031e-47
14.43 3.35081126292484e-47
14.44 2.89842132795593e-47
14.45 2.50685861113358e-47
14.46 2.16797832642091e-47
14.47 1.87472169314439e-47
14.48 1.62097174841132e-47
14.49 1.40142822025721e-47
14.5 1.21149895288304e-47
14.51 1.0472057040395e-47
14.52 9.05102420438359e-48
14.53 7.82204345588634e-48
14.54 6.75926530513159e-48
14.55 5.84030505620179e-48
14.56 5.04578035257956e-48
14.57 4.35891018367694e-48
14.58 3.76516721952953e-48
14.59 3.25197641227262e-48
14.6 2.8084537339253e-48
14.61 2.4251797287451e-48
14.62 2.09400326093821e-48
14.63 1.80787144870669e-48
14.64 1.56068230556174e-48
14.65 1.34715707003699e-48
14.66 1.16272960453761e-48
14.67 1.0034505909994e-48
14.68 8.65904552221708e-49
14.69 7.47137989180696e-49
14.7 6.44597151548968e-49
14.71 5.56074155581051e-49
14.72 4.79660334417471e-49
14.73 4.1370585414e-49
14.74 3.56784757557442e-49
14.75 3.07664709301369e-49
14.76 2.65280812614884e-49
14.77 2.28712952176846e-49
14.78 1.97166190116169e-49
14.79 1.69953805509094e-49
14.8 1.46482622396542e-49
14.81 1.26240318819474e-49
14.82 1.08784450512974e-49
14.83 9.37329585611218e-50
14.84 8.07559612224925e-50
14.85 6.95686569205935e-50
14.86 5.99251886027769e-50
14.87 5.16133397800717e-50
14.88 4.44499499814315e-50
14.89 3.82769524467535e-50
14.9 3.2957949954e-50
14.91 2.83752559961216e-50
14.92 2.44273383265445e-50
14.93 2.1026610380382e-50
14.94 1.80975234277048e-50
14.95 1.55749186774411e-50
14.96 1.34026040577339e-50
14.97 1.1532125165256e-50
14.98 9.92170400123788e-51
14.99 8.53532268175938e-51
15 7.3419323986255e-51
15.01 6.31477057947804e-51
15.02 5.43077150755919e-51
15.03 4.67005766120189e-51
15.04 4.01550076262598e-51
15.05 3.452343021315e-51
15.06 2.96787035060607e-51
15.07 2.55113045441017e-51
15.08 2.192689647778e-51
15.09 1.88442311078474e-51
15.1 1.61933399760304e-51
15.11 1.39139744698407e-51
15.12 1.19542607992016e-51
15.13 1.02695403648995e-51
15.14 8.82137006709888e-52
15.15 7.57666058222174e-52
15.16 6.50693364267503e-52
15.17 5.58768195045692e-52
15.18 4.79781759819072e-52
15.19 4.1191968076815e-52
15.2 3.53621046824447e-52
15.21 3.0354314007623e-52
15.22 2.60531051977303e-52
15.23 2.23591514173771e-52
15.24 1.91870361622113e-52
15.25 1.64633125810628e-52
15.26 1.41248325051336e-52
15.27 1.21173078479515e-52
15.28 1.03940721878946e-52
15.29 8.91501478619634e-53
15.3 7.6456631241469e-53
15.31 6.55639334723967e-53
15.32 5.62175085343051e-53
15.33 4.81986571975005e-53
15.34 4.13194978007267e-53
15.35 3.54186399332621e-53
15.36 3.03574631593872e-53
15.37 2.60169164948095e-53
15.38 2.2294766041586e-53
15.39 1.91032282682728e-53
15.4 1.63669351080285e-53
15.41 1.40211845312873e-53
15.42 1.20104366970512e-53
15.43 1.02870213408475e-53
15.44 8.81002684123615e-54
15.45 7.54434552681724e-54
15.46 6.45985333370838e-54
15.47 5.53070497855461e-54
15.48 4.73472844249592e-54
15.49 4.05290482598462e-54
15.5 3.46892158358774e-54
15.51 2.96878882565924e-54
15.52 2.54050981767285e-54
15.53 2.17379805054063e-54
15.54 1.85983432437594e-54
15.55 1.59105820799787e-54
15.56 1.36098902778105e-54
15.57 1.1640722201242e-54
15.58 9.9554746724572e-55
15.59 8.51335539492748e-55
15.6 7.27941200297353e-55
15.61 6.22369902172465e-55
15.62 5.32056322185378e-55
15.63 4.54803060472809e-55
15.64 3.88728061848609e-55
15.65 3.32219523809809e-55
15.66 2.83897228919153e-55
15.67 2.42579389638012e-55
15.68 2.07254222646321e-55
15.69 1.77055580480256e-55
15.7 1.51242063493676e-55
15.71 1.29179116899161e-55
15.72 1.10323687855418e-55
15.73 9.42110778622886e-56
15.74 8.04436774980482e-56
15.75 6.86813149854428e-56
15.76 5.86329882347395e-56
15.77 5.00497827704876e-56
15.78 4.27188060658876e-56
15.79 3.64579929397546e-56
15.8 3.11116573790025e-56
15.81 2.65466839180988e-56
15.82 2.26492669517968e-56
15.83 1.93221194356098e-56
15.84 1.64820836468621e-56
15.85 1.4058086301135e-56
15.86 1.19893885708726e-56
15.87 1.02240886291606e-56
15.88 8.71784040912822e-57
15.89 7.43275747131717e-57
15.9 6.3364753307593e-57
15.91 5.40134941794541e-57
15.92 4.60376912404073e-57
15.93 3.92357118835472e-57
15.94 3.34353809197291e-57
15.95 2.84896918287763e-57
15.96 2.42731402396466e-57
15.97 2.0678589682624e-57
15.98 1.76145926153797e-57
15.99 1.50031008235364e-57
16 1.27775088010762e-57
16.01 1.08809818547494e-57
16.02 9.26502764509228e-58
16.03 7.88827584243898e-58
16.04 6.71543568317834e-58
16.05 5.71640558266121e-58
16.06 4.86551270218922e-58
16.07 4.14086356897918e-58
16.08 3.52378958735527e-58
16.09 2.9983736232165e-58
16.1 2.55104584890033e-58
16.11 2.17023875074527e-58
16.12 1.84609266867389e-58
16.13 1.57020449175751e-58
16.14 1.33541320663342e-58
16.15 1.13561691302963e-58
16.16 9.65616704999762e-59
16.17 8.20983486983231e-59
16.18 6.97944366964291e-59
16.19 5.9328575887688e-59
16.2 5.04270745061993e-59
16.21 4.28568607338318e-59
16.22 3.64194740926173e-59
16.23 3.09459426625401e-59
16.24 2.62924159744949e-59
16.25 2.23364424849511e-59
16.26 1.89737968147733e-59
16.27 1.61157758344984e-59
16.28 1.36868945475506e-59
16.29 1.1622922857078e-59
16.3 9.86921295413241e-60
16.31 8.3792744506245e-60
16.32 7.11356068475157e-60
16.33 6.03843500704125e-60
16.34 5.12529044683068e-60
16.35 4.34980007701493e-60
16.36 3.69127873783658e-60
16.37 3.1321396324089e-60
16.38 2.6574317394527e-60
16.39 2.25444606378928e-60
16.4 1.91238051484629e-60
16.41 1.62205471262169e-60
16.42 1.37566730739403e-60
16.43 1.16658949664357e-60
16.44 9.89189357989375e-61
16.45 8.38682414262464e-61
16.46 7.11004526410032e-61
16.47 6.02703789091153e-61
16.48 5.10848597369996e-61
16.49 4.32949473443649e-61
16.5 3.66892600632925e-61
16.51 3.10883317087462e-61
16.52 2.63398081651372e-61
16.53 2.23143645777704e-61
16.54 1.89022353967357e-61
16.55 1.60102655800577e-61
16.56 1.35594049365343e-61
16.57 1.14825792302036e-61
16.58 9.72288157847112e-62
16.59 8.23203611149239e-62
16.6 6.96909303990065e-62
16.61 5.89932038794587e-62
16.62 4.99326284827482e-62
16.63 4.22594263826895e-62
16.64 3.57618100138656e-62
16.65 3.02602219844708e-62
16.66 2.56024455697532e-62
16.67 2.16594546274977e-62
16.68 1.83218914730073e-62
16.69 1.54970779987923e-62
16.7 1.3106479563884e-62
16.71 1.10835532834821e-62
16.72 9.3719226402984e-63
16.73 7.92382908582595e-63
16.74 6.69881873350997e-63
16.75 5.66262856308776e-63
16.76 4.78624192316731e-63
16.77 4.04508767978777e-63
16.78 3.41836123314634e-63
16.79 2.88844891581814e-63
16.8 2.44044008119524e-63
16.81 2.06171356490829e-63
16.82 1.74158721802823e-63
16.83 1.47102092264089e-63
16.84 1.24236495374642e-63
16.85 1.04914678521617e-63
16.86 8.85890484834623e-64
16.87 7.4796373234317e-64
16.88 6.31448248772638e-64
16.89 5.3303006549896e-64
16.9 4.49906604610227e-64
16.91 3.79708002993852e-64
16.92 3.20430503469797e-64
16.93 2.70380067888175e-64
16.94 2.28124648344175e-64
16.95 1.92453791168634e-64
16.96 1.6234445059689e-64
16.97 1.36932060497792e-64
16.98 1.1548605792531e-64
16.99 9.73891754941223e-65
17 8.21199240419732e-65
17.01 6.92377755751838e-65
17.02 5.83706315220905e-65
17.03 4.92042248949859e-65
17.04 4.14731588272145e-65
17.05 3.49533295870628e-65
17.06 2.94555208270879e-65
17.07 2.48199885709259e-65
17.08 2.09118841705432e-65
17.09 1.76173859508284e-65
17.1 1.48404301432806e-65
17.11 1.24999485465527e-65
17.12 1.05275346045423e-65
17.13 8.86547165771523e-66
17.14 7.46506733529166e-66
17.15 6.28524669840307e-66
17.16 5.29136405795022e-66
17.17 4.4541995792135e-66
17.18 3.74911202099789e-66
17.19 3.15532338635223e-66
17.2 2.65531500854341e-66
17.21 2.23431776488914e-66
17.22 1.87988179102214e-66
17.23 1.58151333443248e-66
17.24 1.33036830233495e-66
17.25 1.11899367898091e-66
17.26 9.4110935707196e-67
17.27 7.91424085584226e-67
17.28 6.65480214744254e-67
17.29 5.59522745775035e-67
17.3 4.70388891761847e-67
17.31 3.95414946362135e-67
17.32 3.3235775586417e-67
17.33 2.79328511443802e-67
17.34 2.34736934370476e-67
17.35 1.9724422750016e-67
17.36 1.65723420239988e-67
17.37 1.39225948520122e-67
17.38 1.16953492290025e-67
17.39 9.82342458491803e-68
17.4 8.25029253015754e-68
17.41 6.92839262915472e-68
17.42 5.81771370602228e-68
17.43 4.88459894008354e-68
17.44 4.10073955188338e-68
17.45 3.44232740053229e-68
17.46 2.88934147034679e-68
17.47 2.42494715320772e-68
17.48 2.03499054659368e-68
17.49 1.70757278177246e-68
17.5 1.43269175324692e-68
17.51 1.20194060763588e-68
17.52 1.00825402552498e-68
17.53 8.45694742189605e-69
17.54 7.09273943636569e-69
17.55 5.94800177874766e-69
17.56 4.98752267007859e-69
17.57 4.18172418392012e-69
17.58 3.50576333573258e-69
17.59 2.93877619628261e-69
17.6 2.46324233718918e-69
17.61 2.06445050667704e-69
17.62 1.73004945725162e-69
17.63 1.4496703934196e-69
17.64 1.21460965187339e-69
17.65 1.01756203202544e-69
17.66 8.52396714829821e-70
17.67 7.13968987429433e-70
17.68 5.97962068260468e-70
17.69 5.00754233777304e-70
17.7 4.19307210863529e-70
17.71 3.51072440963449e-70
17.72 2.93912362110484e-70
17.73 2.46034309457104e-70
17.74 2.05935017180877e-70
17.75 1.72354026183885e-70
17.76 1.44234572432604e-70
17.77 1.2069075820791e-70
17.78 1.00979999767767e-70
17.79 8.4479905711453e-71
17.8 7.06688755082751e-71
17.81 5.91098212823334e-71
17.82 4.94365114539936e-71
17.83 4.13421151080945e-71
17.84 3.45695934144938e-71
17.85 2.89036411071313e-71
17.86 2.41639286503485e-71
17.87 2.01994357287667e-71
17.88 1.68837003039226e-71
17.89 1.41108357083803e-71
17.9 1.17921919545254e-71
17.91 9.85355734308555e-72
17.92 8.23281317230667e-72
17.93 6.87796838321204e-72
17.94 5.74551275826414e-72
17.95 4.7990371806161e-72
17.96 4.00807776201017e-72
17.97 3.34714761375996e-72
17.98 2.7949258811748e-72
17.99 2.33357856687688e-72
18 1.94818978378731e-72
18.01 1.62628553086679e-72
18.02 1.35743498055432e-72
18.03 1.13291669566919e-72
18.04 9.45439230448596e-73
18.05 7.88907278458726e-73
18.06 6.58225962266185e-73
18.07 5.49137060456163e-73
18.08 4.58081974118163e-73
18.09 3.82087078616044e-73
18.1 3.18667813576795e-73
18.11 2.65748456629372e-73
18.12 2.21595022992269e-73
18.13 1.84759149066533e-73
18.14 1.5403116675886e-73
18.15 1.28400867251878e-73
18.16 1.07024697516876e-73
18.17 8.91983377033079e-74
18.18 7.43337790810257e-74
18.19 6.19401658518577e-74
18.2 5.16077844130329e-74
18.21 4.29946843400026e-74
18.22 3.58154996389135e-74
18.23 2.98321093651886e-74
18.24 2.48458357462409e-74
18.25 2.06909273551389e-74
18.26 1.72291162248489e-74
18.27 1.43450723831777e-74
18.28 1.19426082263312e-74
18.29 9.94150935543164e-75
18.3 8.27488874700939e-75
18.31 6.88697806124494e-75
18.32 5.73128405173215e-75
18.33 4.76904988043624e-75
18.34 3.96797104059786e-75
18.35 3.30112386577347e-75
18.36 2.74607152068955e-75
18.37 2.28411815131354e-75
18.38 1.89968670350355e-75
18.39 1.57979995741742e-75
18.4 1.31364769867731e-75
18.41 1.09222576604126e-75
18.42 9.08035070072661e-76
18.43 7.54830644232073e-76
18.44 6.27412432628175e-76
18.45 5.21450890630338e-76
18.46 4.33341620206024e-76
18.47 3.60084218423518e-76
18.48 2.99181316189931e-76
18.49 2.4855445097885e-76
18.5 2.06473973791252e-76
18.51 1.71500655047862e-76
18.52 1.42437041717009e-76
18.53 1.18286941418953e-76
18.54 9.82216791119361e-77
18.55 8.15519971084085e-77
18.56 6.77046569820629e-77
18.57 5.62029585831766e-77
18.58 4.66505220345696e-77
18.59 3.87177875393152e-77
18.6 3.21307786865139e-77
18.61 2.6661750694044e-77
18.62 2.21214081807062e-77
18.63 1.83524297048195e-77
18.64 1.522408018649e-77
18.65 1.26277289015339e-77
18.66 1.04731212112137e-77
18.67 8.6852775863066e-78
18.68 7.20191464202712e-78
18.69 5.97130052674425e-78
18.7 4.95047169028475e-78
18.71 4.10375028726173e-78
18.72 3.40151165606127e-78
18.73 2.81915979586764e-78
18.74 2.33627582649623e-78
18.75 1.93591029582671e-78
18.76 1.6039950946743e-78
18.77 1.32885481363089e-78
18.78 1.10080076785709e-78
18.79 9.11793738296976e-79
18.8 7.55163826538483e-79
18.81 6.25377774851821e-79
18.82 5.17845728899581e-79
18.83 4.287607732378e-79
18.84 3.54965694865248e-79
18.85 2.93842365881617e-79
18.86 2.43219914573455e-79
18.87 2.01298501411906e-79
18.88 1.66586054546665e-79
18.89 1.37845766752491e-79
18.9 1.14052527684626e-79
18.91 9.43567744314554e-80
18.92 7.80545002813951e-80
18.93 6.4562375142352e-80
18.94 5.33971084801983e-80
18.95 4.41583330640558e-80
18.96 3.65144102834392e-80
18.97 3.0190659544875e-80
18.98 2.49595987660139e-80
18.99 2.06328531741629e-80
19 1.70544479052608e-80
19.01 1.40952483006287e-80
19.02 1.16483519859518e-80
19.03 9.62527018026274e-81
19.04 7.95276337814197e-81
19.05 6.57021953652116e-81
19.06 5.42748197636252e-81
19.07 4.48305004242279e-81
19.08 3.70258870206425e-81
19.09 3.05769416443987e-81
19.1 2.52487164437064e-81
19.11 2.08468889664475e-81
19.12 1.72107536841965e-81
19.13 1.4207419776118e-81
19.14 1.17270080437557e-81
19.15 9.67867531020934e-82
19.16 7.98732407591687e-82
19.17 6.59087959173787e-82
19.18 5.43803672651058e-82
19.19 4.48639576258852e-82
19.2 3.70092013988484e-82
19.21 3.05266067686078e-82
19.22 2.5177003322333e-82
19.23 2.07628147133349e-82
19.24 1.71208414569975e-82
19.25 1.4116293157166e-82
19.26 1.16378543625084e-82
19.27 9.59360543858598e-83
19.28 7.90765063471292e-83
19.29 6.51733102164591e-83
19.3 5.37092108559845e-83
19.31 4.42572523911221e-83
19.32 3.64650497433929e-83
19.33 3.00417935641691e-83
19.34 2.47475146256527e-83
19.35 2.03842157128726e-83
19.36 1.67885468981693e-83
19.37 1.38257562034662e-83
19.38 1.13846940836587e-83
19.39 9.3736885679034e-84
19.4 7.71713965796213e-84
19.41 6.35270785004165e-84
19.42 5.2289933670379e-84
19.43 4.30362064710891e-84
19.44 3.54165748185189e-84
19.45 2.91431047096027e-84
19.46 2.39784860523545e-84
19.47 1.9727151744749e-84
19.48 1.62279512586286e-84
19.49 1.33481072409116e-84
19.5 1.09782309513201e-84
19.51 9.0282114381774e-85
19.52 7.42382563841919e-85
19.53 6.10394325429518e-85
19.54 5.01822228282257e-85
19.55 4.12520926140237e-85
19.56 3.39077331072723e-85
19.57 2.78681545542643e-85
19.58 2.290204939203e-85
19.59 1.88190270106342e-85
19.6 1.54623915362629e-85
19.61 1.27031916051822e-85
19.62 1.04353185984875e-85
19.63 8.57146900144902e-86
19.64 7.03981888839139e-86
19.65 5.78128521108625e-86
19.66 4.74727057422914e-86
19.67 3.89780633173738e-86
19.68 3.20002380641098e-86
19.69 2.62689577924819e-86
19.7 2.15620057273231e-86
19.71 1.76966944385386e-86
19.72 1.45228492035753e-86
19.73 1.19170341598807e-86
19.74 9.77780160387958e-87
19.75 8.02178352622684e-87
19.76 6.58047639090593e-87
19.77 5.39759646486713e-87
19.78 4.42690467211435e-87
19.79 3.63041779545197e-87
19.8 2.97693755177853e-87
19.81 2.44084117626957e-87
19.82 2.00108712347403e-87
19.83 1.64039770539752e-87
19.84 1.34458724826042e-87
19.85 1.10200991636683e-87
19.86 9.03105934117374e-88
19.87 7.40028709229305e-88
19.88 6.06338464753371e-88
19.89 4.96750542366492e-88
19.9 4.06928641756517e-88
19.91 3.33314990697686e-88
19.92 2.72990863507641e-88
19.93 2.23562036244015e-88
19.94 1.83064729912333e-88
19.95 1.49888384907043e-88
19.96 1.22712261183477e-88
19.97 1.00453394190805e-88
19.98 8.22238769127099e-89
19.99 6.72958003529362e-89
20 5.50724823721247e-89
