0.391554 2.30104 2.46743 1.2656
0.389047 0.328425 111.066 1.68094
0.236973 0.14022 78.6691 2.88933
4.08549 1.98137 1369.22 0.16769
2.1538 0.986034 2972.22 0.319755
0.363736 0.149327 694.772 1.87601
2.33301 0.813265 1628.43 0.287908
0.441765 0.136 633.291 1.57586
0.309913 0.0829759 217.101 2.27659
0.636641 0.146932 349.162 1.12564
0.108451 0.024163 69.9484 6.47716
0.568766 0.116933 310.42 1.28452
1.7302 0.335001 1096.34 0.417061
0.75011 0.14593 907.069 0.934524
0.350392 0.0671132 368.473 1.98253
0.444255 0.0784148 311.01 1.59437
0.339836 0.0548753 225.146 2.12297
1.75318 0.272552 1116.96 0.414993
0.258868 0.0406489 308.121 2.71894
0.191107 0.0283602 102.409 3.74234
1.08072 0.160043 651.643 0.640666
44.7773 6.19124 39396.6 0.0160187
1.29258 0.17293 1814.99 1.30575
4.38767 0.669669 1815.72 0.460635
0.770379 0.116265 415.36 2.53413
7.72054 1.10834 1414.62 0.241573
0.403503 0.0539096 188.275 4.90053
0.23057 0.0303377 35.4251 8.56122
1.48549 0.179983 259.831 1.39334
0.243793 0.0308394 53.2972 8.02131
0.104145 0.0127709 21.6343 18.751
0.369565 0.0447163 93.0509 5.29471
1.08598 0.12115 264.363 1.86826
0.247762 0.027714 62.1866 7.87068
1.22307 0.144873 288.546 1.5774
0.875401 0.101825 224.087 2.1975
1.33376 0.155394 296.016 1.43637
4.20418 0.478924 1018.43 0.465041
10.209 1.10879 4367.26 0.189488
0.269303 0.0288488 225.257 7.31794
0.191465 0.0206019 28.1448 10.4833
0.366012 0.0379344 63.9804 5.5239
1.64396 0.162355 327.578 1.23524
0.106572 0.0102183 24.4574 19.9319
0.230308 0.0225959 50.7304 8.89231
0.371961 0.0345999 98.1422 5.58098
0.335942 0.0316448 94.6057 6.0216
0.422814 0.0408256 117.828 4.74581
0.109371 0.00982723 27.6795 18.6901
0.123583 0.0113097 34.5615 16.2609
0.0866049 0.00827986 25.9385 23.1944
0.344017 0.0329762 109.036 5.78251
2.0768 0.197318 615.114 0.965603
0.321355 0.029855 107.023 6.14052
0.409348 0.0374802 92.8948 4.84282
0.40363 0.0359492 102.172 5.07294
0.6271 0.0543471 157.884 3.29657
1.28414 0.112197 326.607 1.61979
0.399989 0.0361109 104.79 5.03149
0.155907 0.0134924 37.7167 13.1365
6.55436 0.564024 1683.29 0.313428
0.784473 0.0626613 396.772 2.66413
1.43745 0.115827 276.35 1.43255
0.306143 0.0251175 67.5951 6.74985
1.11171 0.0943096 240.712 1.83259
0.166947 0.013166 38.2557 12.2519
0.322812 0.0261924 80.0191 6.23096
0.219576 0.0176505 57.615 9.13125
0.907611 0.0703582 230.576 2.28679
1.58874 0.126195 413.079 1.26813
1.2418 0.0906881 319.274 1.70987
0.685833 0.0514478 165.804 3.05742
59.9117 4.3836 14055.6 0.0346192
0.543258 0.042115 420.623 5.19054
6.48888 0.583676 543.467 0.476754
0.566228 0.048207 90.5665 5.49989
0.870383 0.0751015 77.4054 3.47348
0.524731 0.0420575 55.612 5.89595
0.321689 0.0267639 39.0134 9.47474
0.135686 0.0107331 18.3245 22.5994
1.00027 0.0771457 141.756 3.06214
7.97722 0.630296 1120.6 0.376791
0.370457 0.0301743 105.034 8.16293
0.729702 0.0597359 84.7774 4.10236
0.14652 0.0117824 21.4147 20.2233
0.971831 0.0761911 150.099 3.13577
0.695962 0.0530955 120.242 4.3387
1.91477 0.145637 310.351 1.58088
0.423571 0.0329334 70.4629 7.11554
0.384809 0.0291223 59.7976 7.98234
1.53747 0.120573 261.491 1.95542
0.284188 0.0204261 43.7006 11.602
2.43671 0.194686 416.782 1.21114
0.461914 0.0353517 85.0742 6.66936
0.572197 0.0424625 88.1896 5.33251
1.66362 0.132776 303.003 1.76817
0.414408 0.0301205 74.7606 7.40156
0.73866 0.0556086 122.317 4.10143
0.155064 0.0115928 25.555 19.9796
0.671507 0.048653 121.194 4.61043
1.39684 0.1025 261.737 2.15596
0.279577 0.0210056 47.1901 10.9533
0.497867 0.0367625 86.8681 6.05282
0.527469 0.0382351 101.877 5.67051
2.23125 0.165792 407.629 1.3734
0.088305 0.00650605 16.2023 34.278
0.210719 0.0152088 36.384 14.1812
0.120314 0.00862348 24.4336 25.7277
0.583075 0.0415665 133.505 5.11598
0.560457 0.0404181 120.401 5.32554
0.229099 0.0166065 45.8229 12.9646
1.23354 0.0874145 243.503 2.43328
0.174998 0.0128989 31.3489 17.1951
0.182654 0.0128475 33.1143 16.598
2.62243 0.19623 568.569 1.10997
0.182846 0.0132246 41.844 16.1319
4.18494 0.305286 720.922 0.719183
0.486532 0.0355176 115.812 6.02939
0.25759 0.0179238 35.2479 11.7928
0.242221 0.0166865 39.0842 13.0194
0.88086 0.0629258 171.738 3.35972
4.81745 0.334974 886.147 0.62196
5.63613 0.409021 1486.03 0.534341
3.2281 0.218705 1052.99 0.937081
3.33064 0.234207 891.44 0.901591
1.6679 0.114341 419.981 1.80687
0.245632 0.016227 41.965 12.5738
1.93103 0.136073 301.731 1.63486
0.69439 0.0432579 110.861 4.66898
0.552541 0.0361043 83.4402 5.71296
0.399353 0.0268693 70.7765 7.44394
1.5792 0.104118 290.373 1.90458
6.27816 0.406893 1178.04 0.49432
0.469031 0.0303473 133.578 6.58385
14.5807 0.925323 1773.99 0.217477
5.29052 0.342172 1875.22 0.597345
0.418007 0.026777 136.852 7.71786
17.9851 1.13126 2120.4 0.175239
0.707169 0.0457216 267.261 4.37497
0.973472 0.0626001 82.8158 3.41748
0.785089 0.0485427 81.974 3.99097
0.528744 0.0316212 60.2598 6.26259
1.35289 0.0928644 193.096 2.21049
2.15772 0.135692 312.065 1.46896
2.77935 0.173113 414.594 1.13443
3.13887 0.199751 506.716 1.00528
0.255569 0.0158691 42.8684 12.9148
0.296975 0.0183313 40.6101 10.7236
0.246872 0.0151697 42.9426 12.9526
0.613118 0.0377495 113.792 5.15489
1.09785 0.0674547 205.541 2.91936
0.241667 0.0146737 41.4848 13.1856
28.7698 1.74817 4743.49 0.112483
3.64524 0.22815 1939.19 0.875132
2.07264 0.123466 563.08 1.73545
4.07467 0.245742 550.622 0.874194
5.69847 0.346626 927.931 0.598992
0.39327 0.025017 87.391 8.45273
0.450516 0.0279807 49.5041 7.46319
0.755368 0.0455584 103.486 4.58827
0.630515 0.0384287 90.68 5.37112
2.36281 0.135876 332.87 1.45964
0.848479 0.0518998 132.606 3.95032
0.514822 0.0326253 68.599 6.38133
1.87025 0.10976 264.348 1.8095
12.4299 0.730238 1814.55 0.276037
2.93607 0.174888 939.092 1.19215
0.611866 0.0363789 109.301 5.83497
0.365116 0.0228457 46.3448 9.35936
0.426478 0.0259585 65.203 7.91599
0.153236 0.00915986 25.0679 22.124
11.4577 0.632077 1931.1 0.313413
0.503617 0.0305441 177.539 6.53841
1.09677 0.0626869 106.743 3.32008
10.8787 0.600159 1154.5 0.338649
1.4503 0.087296 361.22 2.38684
0.71849 0.0445232 80.311 4.84246
0.4804 0.0284312 54.0264 7.47229
3.61353 0.215139 471.782 0.971389
2.81158 0.17382 460.463 1.2128
0.15889 0.0093014 23.5937 22.279
0.632075 0.0386089 86.644 5.60407
0.490995 0.0299241 80.8471 7.02725
0.185208 0.0109709 29.0683 18.5708
1.01667 0.0583187 166.679 3.52634
0.140455 0.00798682 22.7249 25.0046
0.179737 0.0105288 29.1425 19.4347
66.6417 3.87491 11865.8 0.0523418
0.959418 0.0556964 469.135 4.39505
0.517821 0.0365782 27.3634 8.9569
6.44605 0.449047 381.844 0.6892
14.2679 0.939268 1263.97 0.324668
2.69916 0.187209 576.74 1.62748
1.20759 0.0827027 116.906 3.83295
6.48139 0.445191 560.431 0.688401
26.081 1.86322 3454.95 0.1685
0.362095 0.0255914 115.602 12.5045
0.545994 0.0394067 30.5757 8.63295
0.299594 0.021022 20.7313 15.4314
0.475785 0.0322723 40.9885 10.0941
0.50743 0.0376302 52.064 9.05451
0.170473 0.0121725 17.6111 27.5827
0.224065 0.0164538 26.4079 19.7503
0.260232 0.0189514 30.73 17.9438
0.469185 0.030229 52.429 10.4602
0.0980043 0.00673561 10.9067 47.6163
0.399538 0.0268844 46.4388 11.7415
5.0987 0.392136 610.711 0.8642
12.5475 0.917897 1741.09 0.363596
0.218534 0.015398 52.7643 21.1643
0.287655 0.0213969 21.5145 16.3553
2.77551 0.20052 257.541 1.71926
0.165019 0.0115604 16.0274 28.9338
0.943262 0.0671493 95.0976 5.02946
0.615557 0.0442206 67.5876 7.68358
0.108513 0.0079461 12.2848 41.7161
0.246174 0.0186337 32.2833 18.2825
35.7744 2.74086 5041.48 0.123984
0.279868 0.0208682 103.825 16.9854
2.08142 0.168712 99.2852 2.35192
0.783 0.0603818 39.8178 6.68136
3.06188 0.241865 185.233 1.67514
5.48683 0.419113 388.469 0.917496
0.163966 0.0124715 15.5568 30.947
0.274277 0.020736 22.4855 18.768
0.424996 0.0334748 44.632 11.8412
1.0031 0.0751875 114.407 5.13077
0.333132 0.0262581 39.9054 14.4699
0.189838 0.0145931 21.5125 26.5525
0.887221 0.0699616 114.566 5.54209
0.437127 0.033253 50.0204 11.6042
12.7018 0.979643 1456.71 0.387979
8.10958 0.617361 1620.3 0.622726
0.414889 0.0325176 83.7824 12.3769
0.240389 0.0183571 19.5211 21.1388
0.287719 0.023056 30.3182 17.0224
0.202104 0.0159862 25.7529 24.8339
3.96541 0.29552 509.856 1.29219
2.36545 0.187008 317.767 2.06159
2.2419 0.165323 212.124 2.3253
0.784418 0.0612651 72.2696 6.48371
8.39484 0.687563 802.847 0.587019
1.67078 0.134434 243.588 2.95125
0.965127 0.0718761 77.8728 5.41091
2.23323 0.176483 203.048 2.20818
1.14179 0.0864359 106.482 4.61215
0.35679 0.0277203 34.0968 13.9438
0.386515 0.0298442 42.5788 12.723
2.09116 0.160239 263.227 2.40242
0.243217 0.0186289 26.128 21.2647
1.5679 0.123219 179.486 3.11294
0.527026 0.0397774 62.0957 9.68243
5.12912 0.40113 553.045 0.98272
0.823542 0.0648645 107.348 5.9197
10.1566 0.796263 987.325 0.486846
1.25779 0.096523 197.283 4.01629
1.01864 0.078581 75.1098 5.16256
0.805416 0.0648399 71.5502 6.03117
2.01936 0.15587 201.837 2.44914
5.34602 0.388574 540.124 0.958026
7.84128 0.577426 914.271 0.638621
0.540929 0.0436413 88.1113 8.97599
0.142835 0.011169 12.2591 35.0047
2.28532 0.169782 245.376 2.19837
6.06598 0.436731 677.778 0.847642
1.44149 0.113037 189.327 3.51169
0.247568 0.0187161 20.3132 20.9908
0.999882 0.0703581 99.144 5.23752
0.312369 0.0232577 35.5731 15.9655
0.790279 0.0566668 93.8594 6.41486
0.289188 0.0216105 33.8405 17.5
1.90578 0.142452 225.905 2.65423
0.439025 0.0334868 51.054 11.3962
3.53254 0.270311 383.89 1.37883
0.780351 0.0583504 84.9717 6.27385
0.171806 0.0128102 15.75 29.5285
0.338865 0.0245155 38.8429 14.9513
0.481807 0.0364981 64.6284 9.90617
6.57839 0.476628 837.866 0.774251
3.27041 0.242387 510.18 1.51336
0.862802 0.0634743 97.2896 5.89875
6.28066 0.483556 606.2 0.787656
0.207012 0.0156806 27.634 23.6565
2.20774 0.161769 190.959 2.32851
0.619087 0.0455849 62.1052 8.22807
1.88459 0.132113 189.122 2.75282
0.238338 0.0179258 25.7082 20.7667
1.43929 0.108215 160.343 3.44829
0.238026 0.0177229 27.8508 20.7003
1.20624 0.0886418 139.586 4.17322
11.6985 0.795721 1278.84 0.44085
1.00074 0.07004 181.813 5.16848
0.692995 0.051958 53.4247 7.27289
17.7315 1.19565 1501.38 0.303088
4.28357 0.301976 823.575 1.20121
0.54623 0.0423249 64.3049 9.64927
1.53641 0.109862 131.271 3.5178
0.676375 0.049367 72.3821 7.58935
0.724791 0.0544546 77.437 7.06409
0.47587 0.0347292 53.7606 10.7568
0.273956 0.0187836 29.8317 19.4371
1.17678 0.0861351 138.192 4.47175
2.33128 0.169341 262.143 2.19657
3.45999 0.249715 351.143 1.48977
0.735077 0.0515795 73.8473 7.0515
0.847633 0.064193 79.4847 5.89734
5.6427 0.396571 588.336 0.938013
2.983 0.202641 354.165 1.78275
2.39522 0.170412 223.33 2.21963
1.25823 0.0896905 111.36 4.1364
0.166492 0.0118149 14.9149 30.623
2.92497 0.215528 321.137 1.73135
0.3193 0.0222172 35.1767 16.269
2.23274 0.151992 218.316 2.38913
0.997468 0.0694355 104.37 5.19936
2.33478 0.159426 225.454 2.22611
4.61522 0.309555 447.785 1.15312
0.139331 0.00954091 14.185 38.1693
0.336025 0.0233149 32.8097 15.076
0.331971 0.0247436 42.1199 14.9896
2.51268 0.18017 325.637 2.01891
0.67044 0.0468116 81.7115 7.6021
0.864768 0.0591261 88.2827 6.06419
2.27933 0.162309 260.947 2.20264
1.26744 0.0891889 142.23 3.99408
0.877209 0.0615344 84.8824 5.84446
1.89576 0.137904 201.334 2.59431
1.69514 0.117409 170.236 3.0123
3.04265 0.21069 294.994 1.63676
2.415 0.171211 234.373 2.04635
0.405612 0.0279653 34.8467 12.6087
3.18893 0.210125 298.165 1.56998
0.842313 0.0579166 89.4434 6.02474
0.469475 0.0329489 43.7106 10.7841
0.255888 0.0166987 27.1948 20.4996
0.648568 0.0437504 80.712 7.71496
1.27798 0.0857681 150.777 4.0153
2.41574 0.166348 281.839 2.08948
0.952905 0.063287 98.446 5.47739
0.239401 0.0170214 24.023 20.6554
0.248302 0.0183009 29.1129 19.2165
1.01466 0.0671647 123.355 5.11876
0.250795 0.0177519 29.9181 20.1251
0.130226 0.00874816 15.6092 39.8811
0.261563 0.0173177 33.0722 19.7886
3.98514 0.277157 531.566 1.24418
6.42942 0.432388 814.585 0.802386
0.150552 0.0107486 21.6759 33.289
0.463243 0.032695 42.1736 11.2039
0.457701 0.0311441 53.0786 11.0294
1.19082 0.082518 148.764 4.24444
0.298315 0.0196247 35.7925 17.2889
0.629811 0.0418278 72.8032 8.19586
1.36213 0.0893905 162.377 3.71953
0.282184 0.0190144 30.8537 17.9648
1.96131 0.130319 210.324 2.61952
1.93396 0.130995 208.633 2.55575
2.25322 0.153866 220.393 2.21978
2.04784 0.141043 197.787 2.44858
1.241 0.0837453 111.07 4.15162
0.204146 0.0141966 19.2116 25.1255
0.235001 0.0152948 24.1101 22.0493
0.14903 0.00939659 17.9454 34.996
0.485218 0.0320488 67.9474 10.2664
0.318871 0.0212272 39.8774 16.4028
0.231923 0.0153767 30.3869 21.9039
1.25191 0.0821144 164.771 4.16156
0.486227 0.0339275 60.4688 10.2249
0.788432 0.049766 88.4252 6.53082
0.435202 0.0295403 52.6698 11.1678
0.250103 0.0170029 29.1902 19.9589
0.300977 0.0208 39.5532 16.1051
0.532526 0.0352644 67.5974 9.60477
0.502728 0.031429 60.3842 10.3646
1.0384 0.0695827 129.924 4.80405
3.07568 0.204627 373.36 1.63653
0.535551 0.0372021 64.7701 9.20394
0.542939 0.0343341 53.2597 9.73017
1.02782 0.0667399 110.379 5.15162
0.350151 0.0240774 39.3999 14.507
0.122318 0.00802058 14.0585 41.5508
0.456129 0.031257 62.4543 10.8076
2.41958 0.157319 311.873 2.11263
2.65437 0.173568 308.86 1.89497
0.330793 0.0213877 34.7429 15.1773
0.197613 0.012581 19.8477 26.2095
2.53379 0.163234 296.449 2.00318
2.0224 0.132786 237.671 2.47615
1.21676 0.0810021 121.786 4.11096
0.886144 0.0576373 80.423 5.79105
0.247879 0.016237 23.7483 20.915
0.656093 0.0420141 72.3909 7.98188
1.93635 0.125809 221.697 2.64636
0.32242 0.0219229 37.2274 15.1969
1.10041 0.0728918 122.543 4.5474
2.80454 0.18209 305.271 1.84795
0.577207 0.0379739 60.8276 8.81931
8.91462 0.581061 872.422 0.570886
15.3434 0.937425 2220.77 0.341258
5.7462 0.363126 1309.61 0.925803
3.28691 0.216 524.086 1.6477
2.11526 0.135537 213.608 2.57525
2.39519 0.165852 210.065 2.22896
2.30085 0.147601 202.969 2.35603
0.478093 0.0324523 43.1787 10.8471
5.11932 0.350159 472.507 1.02741
2.46743 0.160777 275.764 2.13666
0.603423 0.037692 48.2621 9.30723
0.423756 0.0268424 37.8159 12.5228
0.292481 0.0189611 29.9874 18.2223
0.161291 0.0107414 19.0825 31.9761
2.1618 0.141838 277.155 2.401
0.797221 0.0522698 94.8506 6.55737
0.336721 0.0219219 32.1552 15.6461
1.47235 0.0943919 157.212 3.54771
1.92414 0.126618 208.295 2.73169
0.723851 0.0472577 73.1343 7.04796
1.8702 0.123937 180.617 2.78941
0.218617 0.0137669 20.1805 24.2167
0.152073 0.00973187 16.0115 33.9538
0.301487 0.0205278 39.116 16.4247
4.43997 0.314331 594.606 1.10914
0.216375 0.014107 28.3762 23.5735
13.4305 0.886196 1284.69 0.384258
0.50637 0.0336139 91.7671 10.1995
0.636689 0.0416054 40.2387 8.37535
0.190545 0.0130109 15.1591 27.2045
1.34736 0.0843419 124.725 3.97515
0.494679 0.0332726 51.1449 10.3717
1.437 0.0873084 140.903 3.78281
1.71862 0.114354 177.387 3.0186
1.2598 0.0833947 123.788 4.14345
0.417153 0.0280153 39.9649 12.4165
0.369179 0.0230692 36.5073 14.5383
9.6987 0.632124 1085.49 0.540281
0.206892 0.013502 33.6691 25.1369
0.791441 0.0501781 62.3825 6.78947
0.20641 0.0132418 19.4374 25.4386
0.435824 0.0300574 48.0626 11.8887
2.35497 0.149465 282.643 2.28962
0.456271 0.030194 51.961 11.6719
3.57447 0.223446 370.889 1.48353
4.54434 0.288049 484.51 1.19525
2.85051 0.190945 297.478 1.8399
1.41812 0.0918347 124.82 3.69871
0.280719 0.0183827 23.7736 18.5706
0.904436 0.0566946 85.778 5.88131
16.6364 1.07101 1836.02 0.320609
1.59567 0.10252 349.652 3.35599
1.22311 0.0780964 82.6516 4.43112
4.28394 0.258675 301.114 1.342
0.643557 0.0438998 55.4968 8.27236
3.04827 0.186837 242.073 1.84065
0.261456 0.0169944 24.0027 20.9921
1.72638 0.111302 158.36 3.08665
0.237142 0.0148444 21.8102 23.4911
4.97237 0.333571 509.469 1.0593
0.246885 0.0158966 30.4146 21.6718
0.134048 0.00848458 11.3998 41.3606
0.799407 0.0521797 92.0065 6.71866
0.9775 0.0632346 116.788 5.55114
1.66133 0.101547 181.896 3.31582
0.843764 0.0536828 87.2893 6.27968
1.0894 0.0732865 111.43 4.83425
0.269798 0.0173872 27.1242 20.1676
0.720763 0.0490024 81.9014 7.16135
1.55048 0.0985573 177.918 3.47392
0.470262 0.0287917 48.8106 11.4513
0.435778 0.0270658 44.2424 12.7338
3.06016 0.185467 341.021 1.78729
0.555434 0.0368608 61.1689 9.52162
0.349381 0.0217466 33.4419 15.5429
0.228761 0.0137259 25.452 24.3217
2.70607 0.170351 339.273 1.97662
1.31256 0.0832955 144.278 4.18475
0.59688 0.0374714 56.4614 8.97723
3.53351 0.225664 360.457 1.51883
0.778103 0.0485078 82.3281 6.96875
0.855839 0.0542628 75.5043 6.43959
0.684764 0.0455254 71.2747 7.60613
0.488924 0.0312556 51.303 11.0995
4.47879 0.276386 493.945 1.21073
0.999003 0.0634129 115.023 5.46256
0.967308 0.0600818 84.8777 5.6956
0.130141 0.00808847 12.449 41.9225
0.131642 0.00857479 14.497 40.1107
4.30999 0.278525 564.431 1.24211
0.397286 0.0254798 50.7098 13.506
0.141891 0.00908858 13.8474 38.0237
1.86619 0.122278 216.43 2.86391
0.713023 0.0488981 83.6977 7.22112
0.63564 0.041007 65.0283 8.26171
0.139578 0.00860917 14.0311 39.13
0.36556 0.0228481 42.8381 14.4752
0.268579 0.0168418 33.2581 19.9567
3.7291 0.230499 467.661 1.46641
0.844619 0.0518549 101.591 6.40406
0.393914 0.0258616 39.7106 12.8739
7.8341 0.497214 809.56 0.688684
0.307603 0.0195538 40.836 17.3097
0.329063 0.0201169 26.4532 17.0125
0.332248 0.0211747 33.7098 16.5637
0.425491 0.0273649 51.0047 12.8674
0.272655 0.0171022 33.3693 20.1993
0.525473 0.0337513 68.1332 10.1105
1.61409 0.0999031 205.633 3.28153
10.1753 0.641781 1133.27 0.527227
0.415321 0.027112 69.4106 12.889
0.284838 0.0177235 20.4502 19.9328
0.952833 0.0615442 96.796 5.66135
0.623358 0.0367642 63.5935 9.30123
0.367752 0.0237223 40.5233 14.3696
0.792312 0.0545421 89.5216 6.78973
0.148955 0.00902296 16.4753 37.8544
4.1332 0.251717 469.338 1.3383
0.456768 0.0300295 53.6369 11.7251
1.65095 0.103743 154.326 3.28974
2.68897 0.167735 272.301 2.06285
2.20936 0.149174 226.826 2.40049
1.51166 0.0977135 140.966 3.59734
0.614149 0.0405324 53.8738 8.88163
0.720965 0.0471017 70.0506 7.49972
0.574794 0.0363889 60.3393 9.55887
1.93525 0.125505 213.115 2.80701
2.36429 0.152525 261.2 2.25545
0.352984 0.0237631 35.7533 14.7194
0.454852 0.0285434 41.2437 12.0038
0.17936 0.0115329 19.7581 30.3635
1.14895 0.0737191 139.303 4.78376
0.661905 0.0429012 73.5322 8.40637
0.422794 0.0267973 45.457 12.6339
1.32178 0.086515 151.74 4.03341
0.714527 0.0477746 77.2083 7.48886
1.68959 0.112875 171.804 3.1542
5.096 0.321492 485.391 1.08152
0.819909 0.0537803 85.4222 6.56945
41.4991 2.69988 3456.54 0.132273
13.7449 0.914964 3679.93 0.404612
1.58565 0.11346 400.45 3.73274
3.48412 0.227984 188.106 1.84903
6.35369 0.417221 358.983 0.996597
1.00896 0.0774219 73.8867 5.64214
2.77097 0.186565 159.732 2.25493
0.679863 0.0478979 45.1896 8.95509
0.175582 0.0121313 11.6016 35.4399
0.752258 0.0536969 62.0161 7.92433
1.14037 0.0787753 94.2707 5.23869
0.733062 0.054948 58.9506 7.96817
0.308983 0.0221977 24.2151 19.1244
0.533358 0.0388039 44.3161 11.0646
0.99227 0.0727317 84.8675 5.84887
0.716249 0.0502767 54.6447 8.46366
2.44677 0.176449 182.825 2.43791
1.06062 0.0725296 79.5331 5.64438
0.401396 0.0281057 29.0092 14.8826
0.282703 0.0192679 22.1869 21.1194
0.955809 0.06942 85.6698 6.23229
1.07663 0.0767287 100.405 5.33387
1.92725 0.142077 161.52 2.95059
0.658905 0.0497269 55.5098 8.62777
0.171169 0.0127666 13.6731 33.7195
2.33188 0.150008 189.236 2.69595
0.775596 0.053175 66.644 7.66886
0.227773 0.0163228 18.3124 25.7683
1.64568 0.11602 149.413 3.59761
14.0688 0.951213 1299.63 0.425188
0.69374 0.0502003 113.545 8.24803
6.95362 0.493879 434.576 0.884376
1.13192 0.0809048 99.0863 5.24901
2.12569 0.161212 143.035 2.79434
4.42397 0.299984 322.079 1.40693
0.439564 0.0321397 37.3341 13.3286
0.753653 0.0531796 58.9129 8.10859
3.33952 0.237907 322.628 1.74425
0.603093 0.0416506 58.6403 9.90245
7.36121 0.549355 648.419 0.776007
9.63747 0.675938 1047.71 0.627071
3.46355 0.252019 452.523 1.75386
1.36231 0.0981732 124.541 4.30391
1.60901 0.114704 124.212 3.69897
5.75134 0.419259 471.535 1.02086
2.33954 0.172063 224.105 2.57227
0.626666 0.0453682 45.9926 9.59472
0.467685 0.0340335 38.1462 12.5359
12.1804 0.874598 1137.79 0.483338
0.391693 0.0290218 63.5468 14.3744
3.0558 0.207005 193.449 2.01641
3.03946 0.214348 246.668 1.97784
0.70549 0.0507229 55.3812 8.54039
2.203 0.159685 182.173 2.70594
2.11114 0.158015 181.052 2.69192
1.22629 0.0881651 101.21 4.79369
0.663381 0.0461783 53.111 9.01965
5.10755 0.368423 470.027 1.15945
0.284802 0.0201982 30.0552 20.5551
0.0803696 0.00535555 6.27225 77.5118
19.7832 1.46707 2053.67 0.299738
0.815271 0.0590988 171.801 7.32557
0.349452 0.025673 18.0854 17.771
0.666439 0.0471879 42.1833 9.48963
0.705696 0.0537448 57.7467 8.42431
1.29443 0.0958775 110.218 4.7815
0.32953 0.0239318 29.7362 18.6498
0.443725 0.0313511 41.0753 13.6654
0.598925 0.0418109 58.7348 10.4775
0.648219 0.0466289 61.9259 9.58292
7.71659 0.545533 755.595 0.802706
3.12107 0.224642 368.852 1.95971
4.36353 0.316438 351.518 1.41804
2.47959 0.183287 202.779 2.49401
1.3041 0.0946154 97.0262 4.77197
0.535213 0.0389383 41.5594 11.5475
1.71437 0.128726 141.762 3.62758
2.84566 0.206029 258.504 2.107
0.777344 0.055163 63.2002 8.1051
0.835604 0.0577076 67.4835 7.39453
0.900842 0.0672552 85.6954 6.69082
0.888465 0.0669319 89.4187 6.57052
11.9782 0.909825 1189.15 0.499385
0.94012 0.0670919 139.567 6.50319
0.559478 0.0392537 32.602 11.6595
0.446612 0.0323989 33.1423 14.0679
4.58885 0.333209 409.366 1.37133
0.835723 0.0581053 80.017 7.68827
0.554692 0.0396135 41.9952 11.3997
0.326136 0.0240179 28.9534 19.3668
2.93076 0.213551 297.594 2.13546
0.459912 0.0335578 43.5753 13.2436
0.984161 0.0733502 86.1289 6.27774
0.169402 0.0128694 16.2964 35.52
5.3355 0.362418 516.69 1.19722
0.412119 0.0290792 43.3127 15.1326
0.96281 0.0712884 77.654 6.4044
0.266647 0.0191523 24.5407 22.6758
1.68247 0.121406 166.234 3.69487
13.2069 0.965149 1223.52 0.468445
0.479344 0.0351374 73.9284 12.9301
0.219934 0.01482 12.4525 30.288
0.466852 0.0347811 36.5989 13.7103
0.955728 0.0703551 97.3034 6.39494
0.759683 0.055351 74.5119 8.25185
31.0835 2.16331 2968.53 0.20445
1.09953 0.0843252 249.307 5.66591
2.54492 0.201583 109.089 2.61003
0.689392 0.0493609 34.3602 9.85435
1.13037 0.0864862 65.1643 6.01692
0.149179 0.0104513 9.58432 46.24
18.4802 1.39441 1461.77 0.361823
3.46235 0.265614 498.563 1.89207
5.42929 0.407437 349.416 1.26717
0.798134 0.0614009 55.995 8.38086
1.8677 0.141064 112.089 3.67404
2.32522 0.164654 161.764 2.96935
0.520812 0.0381262 38.0191 12.87
45.9774 3.45302 3443.29 0.146046
2.88447 0.221579 601.737 2.46769
0.739995 0.062897 34.585 10.2203
1.63809 0.139381 80.609 4.57161
7.62108 0.610346 451.99 0.981641
26.0631 2.04886 1924.04 0.292147
10.1577 0.799284 1521.93 0.749611
10.5978 0.902477 1302.72 0.729028
1.20952 0.104445 136.518 6.32685
4.21766 0.360568 205.36 1.8927
0.307419 0.0271323 17.1753 24.7144
18.7803 1.65426 1144.78 0.415312
1.8428 0.166807 217.382 3.98145
0.144169 0.0128596 6.4294 53.4576
3.12364 0.268364 188.654 2.48421
0.891474 0.0819452 61.1841 8.57406
0.452424 0.0379708 29.0801 17.1857
0.642436 0.0571469 48.3903 11.8527
0.674912 0.0631441 55.1858 11.0315
2.73368 0.252536 229.114 2.77371
1.77784 0.162435 136.332 4.23019
0.967071 0.0867445 63.2395 7.73192
1.5004 0.132415 104.917 5.10592
0.904718 0.0801829 64.9109 8.24761
0.48539 0.0450246 35.2316 15.2809
0.446334 0.0400405 34.614 16.9627
0.511093 0.0467663 43.9802 14.2642
0.514404 0.0452951 45.1095 14.4639
0.378498 0.0350389 34.0296 18.8192
1.50641 0.135104 133.833 4.83656
0.410731 0.0360241 32.32 18.3738
3.88872 0.364001 313.901 1.89559
0.793879 0.078769 64.9953 8.78189
5.94318 0.542033 404.171 1.28064
0.42267 0.0362437 31.8649 18.1588
3.62662 0.326408 239.238 2.08706
2.74823 0.260216 196.814 2.7124
0.386549 0.0351185 24.3638 19.9502
0.68638 0.0629243 48.2742 11.0255
0.643733 0.0555842 52.8962 11.7662
0.693777 0.0622981 58.5405 10.9359
0.1676 0.014189 13.7045 46.2181
6.6846 0.588702 568.991 1.15235
1.52328 0.13716 142.541 4.80017
0.236385 0.0211051 14.9061 32.7726
1.3704 0.126064 103.355 5.4556
2.09457 0.186462 164.47 3.68684
7.31821 0.68562 565.445 1.00784
0.499282 0.0469034 43.1034 14.6221
0.516035 0.0439226 31.1868 15.2718
0.757299 0.0692086 61.3062 9.93897
0.457797 0.0401533 37.6455 16.7199
2.53584 0.222153 220.291 3.03223
1.24493 0.112271 99.9839 5.99707
2.479 0.216999 169.801 3.15469
0.739458 0.0686005 52.9187 10.2611
0.6101 0.0577886 45.4555 12.0504
2.95423 0.258829 221.27 2.62662
0.626072 0.0574824 48.4041 11.9104
2.0365 0.186026 149.801 3.70829
0.399907 0.0366062 30.1535 18.394
4.89241 0.450908 378.669 1.51179
0.505718 0.0479762 39.7479 14.6571
0.762829 0.0654286 50.9229 10.2472
3.09056 0.274527 242.587 2.45811
2.17836 0.197304 169.053 3.3721
7.32886 0.650059 475.227 1.03734
1.27267 0.11201 100.366 6.01048
0.44732 0.0385616 24.5663 17.3492
0.97521 0.0862595 64.7761 7.92704
4.50895 0.42143 372.01 1.6106
3.76375 0.330393 284.883 2.04702
0.981189 0.0859356 63.2427 7.74824
0.616215 0.0581259 38.7787 12.2455
1.05647 0.0906547 73.5288 7.38848
1.43342 0.127701 106.724 5.3183
0.718244 0.0660392 54.1446 10.4752
0.449113 0.0426739 34.0976 16.3846
2.07847 0.191353 175.213 3.59139
7.88128 0.695779 589.828 0.955695
4.92837 0.469043 435.93 1.49966
1.41243 0.125751 91.1427 5.54295
1.01674 0.0893064 60.4341 7.4623
8.2351 0.776784 595.91 0.880885
11.7414 1.10157 1049.64 0.644079
0.807682 0.0756354 81.8875 9.62264
0.544626 0.046736 28.0434 14.9569
3.6733 0.32547 247.646 2.15029
0.746054 0.0691118 53.9271 10.3212
0.411407 0.036307 26.5859 19.2256
0.964758 0.0856343 75.5622 7.79112
1.3273 0.119881 108.208 5.87506
0.702471 0.062319 51.885 11.0174
3.08241 0.273357 233.211 2.51309
0.823169 0.0735737 58.272 9.3563
0.596733 0.053562 40.2433 12.9224
0.357271 0.0336966 26.9569 21.1034
3.71188 0.317344 307.38 2.09033
1.52492 0.135411 117.452 5.02525
29.9966 2.76942 2031.09 0.252507
0.585424 0.0537736 87.8058 13.265
0.445931 0.0407315 15.6757 18.4411
4.64655 0.402961 202.627 1.84832
0.868057 0.0806027 45.498 9.20686
2.4916 0.224697 136.493 3.25277
1.36554 0.120053 78.3676 6.12609
0.198771 0.0175598 11.4705 42.0852
39.8277 3.55205 2738.47 0.211843
2.02557 0.193152 320.553 4.10965
0.439697 0.0428211 15.5066 20.301
10.7198 1.09314 478.175 0.802668
1.55393 0.151884 98.9142 5.67596
0.993497 0.0920544 45.7726 8.913
0.682207 0.0608688 37.5165 13.2108
3.89997 0.386758 271.141 2.12323
1.02256 0.101809 68.0958 8.53229
15.6569 1.6382 960.782 0.534933
2.60282 0.257287 240.075 3.27348
0.827334 0.0845508 38.7211 10.6578
0.850694 0.086699 45.467 10.2506
20.7802 2.24889 1434.95 0.394581
1.74657 0.171175 205.59 5.0417
0.9905 0.10024 37.9963 9.36981
1.98958 0.199627 97.3792 4.61196
2.5391 0.248973 142.608 3.61817
1.63409 0.164526 96.2408 5.25466
3.68349 0.376247 217.814 2.3878
1.39478 0.145425 88.7427 6.04594
4.38828 0.458391 252.945 1.95458
3.59697 0.376397 207.119 2.37691
0.579795 0.0597631 31.3151 15.0669
5.89058 0.610362 341.832 1.49211
1.11119 0.11651 72.2756 7.75893
0.796661 0.0789851 43.3811 11.4029
3.51361 0.360763 228.352 2.48071
1.59576 0.168009 105.816 5.26926
2.37519 0.258515 139.866 3.63374
0.790792 0.080742 47.065 11.2605
1.23987 0.136012 79.1069 6.91746
11.2236 1.20789 732.489 0.768262
0.893134 0.0920606 72.9059 10.052
2.99882 0.285692 142.653 3.09252
0.460382 0.0463809 24.1234 19.9551
0.720446 0.0749729 44.3258 12.2823
0.488799 0.05052 33.2772 18.3928
0.194735 0.0208175 14.5641 45.1523
0.757356 0.0789401 59.5847 11.3872
0.933969 0.0957978 69.4619 9.51139
5.13975 0.538095 369.077 1.71832
2.31734 0.239102 157.969 3.84396
1.15212 0.11654 62.1213 7.99607
3.2387 0.331666 199.628 2.71044
12.0746 1.27043 723.887 0.725439
0.504805 0.0516644 39.6391 17.3039
0.857589 0.0894181 39.007 10.6896
4.38116 0.434509 257.769 2.12807
14.7104 1.53316 896.155 0.60291
6.87431 0.710652 583.109 1.29975
0.51414 0.0553227 30.3065 18.3917
3.40804 0.344741 176.856 2.71862
36.8428 3.81046 2180.85 0.247978
0.734808 0.0792103 92.2827 12.8514
1.25753 0.137374 36.6075 8.27848
0.991402 0.106325 36.6407 10.0222
2.5822 0.289895 125.548 3.77195
2.31893 0.242825 114.996 4.35918
18.9014 2.03565 965.7 0.515387
2.59758 0.296324 219.724 3.60665
11.8654 1.22856 426.988 0.891388
0.655735 0.0734805 35.5915 14.9575
0.509972 0.059282 22.0266 19.2852
0.772918 0.0848881 42.4577 12.9469
0.771794 0.0912848 50.1809 12.3149
0.49348 0.0584118 33.6363 19.4141
0.218352 0.0261305 15.0242 43.4425
2.61984 0.298616 192.4 3.67867
0.433858 0.051341 29.0316 21.9656
1.56285 0.176214 96.9091 6.18198
6.10574 0.699026 400.105 1.54515
3.87843 0.441784 237.244 2.49794
0.644596 0.0721313 31.7651 15.579
1.15497 0.123855 59.3618 8.93578
0.621891 0.0702204 36.3264 15.8972
2.17543 0.258138 139.025 4.34886
4.41455 0.490474 268.963 2.23559
3.75723 0.441728 214.132 2.52965
0.52574 0.0620085 27.2154 17.6707
0.743217 0.0800383 38.1346 13.4558
1.04536 0.120234 63.4278 9.16561
0.915384 0.103859 58.8857 10.2489
0.854712 0.0989701 56.0561 10.8134
0.284805 0.0320134 18.5885 33.6546
1.33904 0.15716 94.1034 7.08316
1.1993 0.139023 80.1753 7.8311
1.09764 0.123603 66.9912 8.88444
0.445759 0.0531604 28.4627 20.878
0.490008 0.055711 31.2696 19.511
7.41642 0.870829 492.253 1.28425
1.2482 0.151918 88.201 7.38965
0.69748 0.0799213 36.904 13.9349
3.57876 0.416003 221.919 2.69314
0.623219 0.0748618 38.171 15.3552
0.906902 0.104426 53.0712 10.6722
1.09575 0.125794 70.3998 8.69489
0.861834 0.101811 53.1863 11.1471
0.811168 0.0937615 52.9228 11.5432
0.678185 0.0798898 45.2669 14.0332
1.42688 0.164919 94.9148 6.71266
0.571606 0.0674409 36.6787 16.0182
0.940143 0.107477 56.5794 10.3272
3.32282 0.392792 217.583 2.83147
2.10971 0.249365 122.905 4.61945
0.644441 0.0702554 35.2529 14.9217
0.869498 0.0991415 49.6301 11.115
0.80007 0.0934505 51.3765 11.7964
0.290483 0.0351609 19.0826 32.5453
1.32448 0.155922 86.5049 7.15187
0.524329 0.0635147 34.6671 18.3031
0.96901 0.11226 61.5363 10.0503
2.22026 0.266543 142.85 4.22431
0.558837 0.063766 33.4171 17.3086
0.819813 0.0978836 52.5498 11.3949
0.983869 0.119403 65.9039 9.52136
3.32266 0.372736 209.628 2.89872
29.0816 3.46765 1755.21 0.325609
0.41342 0.0490903 47.758 23.3228
0.687019 0.0792926 21.0922 15.317
4.65928 0.539254 194.981 2.21191
0.614988 0.073368 28.6298 16.8622
0.656818 0.0760629 30.8547 15.8316
1.38234 0.161286 75.6051 7.53304
2.79404 0.338992 163.462 3.5975
1.36433 0.166656 77.078 7.29007
0.942273 0.112486 50.3911 10.6685
6.76133 0.832384 386.375 1.44364
0.660815 0.0808282 36.5544 15.1259
0.501178 0.0598939 23.276 20.4785
1.81717 0.222999 109.517 5.47266
0.294041 0.0363679 18.2214 33.3303
2.51334 0.305566 160.095 3.9571
0.445788 0.052997 26.5526 22.6977
0.800326 0.0978218 45.1891 12.3728
7.58098 0.930941 484.663 1.30691
45.2265 5.8481 2975.63 0.209822
0.314724 0.0389505 41.1229 32.4476
1.47235 0.188645 34.4345 8.15241
0.699909 0.0885274 21.0422 16.5606
1.30504 0.166051 48.8871 9.10017
0.639565 0.0809239 29.18 18.0582
1.23807 0.162084 63.8864 9.25691
1.45219 0.198644 82.295 7.46858
0.913596 0.115113 45.6257 12.5348
1.95849 0.243939 99.3252 5.92875
0.643128 0.0870894 35.1602 16.5175
3.49485 0.441602 180.07 3.28154
1.10745 0.143047 54.9549 10.1012
7.16251 0.939733 346.418 1.54296
4.25684 0.555811 206.498 2.65561
3.39512 0.448766 142.412 3.28729
0.607704 0.0797053 25.6336 17.9755
1.34151 0.186417 65.5735 7.90673
1.05341 0.141557 55.8858 10.0993
0.857342 0.119423 50.9469 12.2585
0.684844 0.0935643 40.3805 15.3699
3.70183 0.522666 215.506 2.88095
1.53156 0.208796 82.0758 7.02204
17.1412 2.29792 824.479 0.6387
0.776226 0.102776 51.495 14.1883
1.7218 0.239833 66.7102 6.35325
4.50879 0.613474 213.027 2.41636
3.22859 0.445723 148.61 3.38282
8.29402 1.23672 395.311 1.25326
2.23027 0.303496 106.512 4.88186
0.260946 0.0365166 10.899 40.4339
1.30725 0.179951 65.1288 8.1824
1.18089 0.167828 66.1431 9.00438
0.79826 0.110389 46.9806 13.3061
0.600962 0.0842685 34.3351 17.7827
0.45129 0.0636786 27.4416 23.4347
25.7019 3.51208 1534.24 0.427367
10.5764 1.48198 1064.68 0.984545
1.17047 0.16619 77.9322 9.87196
2.07333 0.28953 84.4977 5.65111
0.254337 0.0366184 11.8622 45.2899
1.59058 0.227886 86.6221 7.10232
0.377802 0.0528832 20.9875 30.1705
2.80358 0.399092 170.789 3.94787
0.759937 0.10893 43.4504 14.2387
1.30867 0.187886 72.0155 8.2993
0.823605 0.112867 43.579 13.6124
0.0906082 0.0133401 5.25582 116.612
0.669988 0.098911 42.7111 15.7382
3.13099 0.431018 187.133 3.60357
0.358323 0.0509701 20.8698 30.2728
0.668732 0.0882044 34.994 16.8519
2.14132 0.308235 129.187 5.13842
1.40651 0.210058 81.9212 7.69648
1.42357 0.205012 79.594 7.4467
1.11605 0.163982 59.7586 9.89307
0.458068 0.0647163 24.5432 23.946
2.792 0.397799 166.82 3.92313
1.10599 0.164488 62.2883 9.41983
61.3889 9.0766 3309.67 0.170978
2.43181 0.374815 299.716 4.82927
1.24809 0.183393 23.2626 11.6869
4.12844 0.611345 97.5333 3.37664
899.822 140.293 24546.3 0.015147
18.5989 18.8278 395.333 6.11548
18.2292 0.65196 17.6753 16.0802
263.549 13.9468 341.45 0.757729
10.0996 0.743284 25.0001 14.3564
40.4834 2.84778 71.6007 3.64862
17.1209 1.3702 38.3635 7.55668
27.1386 2.57646 70.0317 4.19603
102.305 10.4569 308.812 0.995817
11.0445 1.35184 50.8643 7.68796
4.51947 0.478246 13.7261 22.2721
8.97182 1.08094 41.0388 9.81029
9.23723 1.21347 48.1158 8.74989
1.97001 0.255628 10.1889 40.8544
31.5245 4.40343 179.888 2.46172
21.5856 3.13797 123.614 3.44049
119.428 17.3314 604.014 0.622545
2.12822 0.365735 19.097 31.1469
10.145 1.07872 36.0774 9.83285
8.68514 1.05445 46.3544 10.0515
5.317 0.695123 32.8417 15.2829
11.0273 1.50209 79.3716 6.88631
5.2554 0.786117 40.1812 13.8194
19.3026 2.63861 140.465 3.9462
4.16647 0.631936 30.8626 16.769
32.4519 4.74134 226.081 2.26442
3.8059 0.592967 29.44 17.6676
184.006 27.9721 1274.35 0.376489
3.63226 0.757887 56.557 16.8388
14.6681 1.48174 46.9815 6.93573
20.4097 2.32171 91.0653 4.49835
25.1277 3.2257 133.76 3.31394
4.17873 0.56657 24.572 18.9507
22.3327 3.06766 142.665 3.39826
15.6227 2.38901 114.702 4.44261
28.3488 4.26176 195.068 2.53351
6.37079 0.989419 47.2812 10.3464
5.43418 0.822979 37.3508 13.0091
14.2607 2.30529 115.5 4.6306
33.3609 5.57975 296.507 1.91399
