Name	Chr	Position	Zscore	-log10(p-value) p-value
Affx-30274668	7	314276	1.47894	0.849054	0.141562
Affx-30884568	7	605567	1.06878	0.538885	0.289145
Affx-31037322	7	741868	0.749532	0.337904	0.4593
Affx-29551897	7	1032653	2.03588	1.37308	0.0423565
Affx-30137551	7	1748123	1.75	1.09627	0.0801183
Affx-30177708	7	2041443	0.577606	0.245134	0.568678
Affx-30274772	7	2754645	0.310013	0.121156	0.756561
Affx-30285253	7	2828235	2.10252	1.44698	0.0357288
Affx-30287670	7	2845562	1.29004	0.705422	0.197051
Affx-30298333	7	2926220	0.756478	0.343658	0.453255
Affx-30301229	7	2953615	0.359421	0.138861	0.726339
Affx-30311280	7	3033120	0.91652	0.440306	0.362823
Affx-30321161	7	3108940	0.658699	0.287609	0.515692
Affx-30334169	7	3192243	0.0972807	0.0323176	0.928287
Affx-30338241	7	3217940	1.79273	1.13399	0.0734539
Affx-30340030	7	3230893	2.12342	1.46844	0.034006
Affx-30341401	7	3241826	0.570005	0.245134	0.568678
Affx-30344774	7	3268289	1.88329	1.22107	0.0601081
Affx-30389251	7	3617187	2.83211	2.3321	0.0046548
Affx-30395035	7	3659910	2.22782	1.57809	0.0264188
Affx-30435782	7	3963244	2.20494	1.55585	0.0278069
Affx-30455683	7	4129411	0.60229	0.260818	0.548506
Affx-30469776	7	4245544	1.58072	0.942688	0.114107
Affx-30469949	7	4246860	1.1738	0.616183	0.242001
Affx-30481742	7	4341985	0.520381	0.219637	0.603064
Affx-30486299	7	4376152	1.10887	0.566499	0.271332
Affx-30513509	7	4585722	0.521289	0.219637	0.603064
Affx-30575420	7	5073537	0.438233	0.175747	0.667196
Affx-30651814	7	5652940	1.61172	0.969004	0.107398
Affx-50119686	7	5893707	0.608359	0.260818	0.548506
Affx-30853685	7	7222057	4.12069	4.42151	3.78872E-05
Affx-30882881	7	7515082	0.407285	0.161682	0.689157
Affx-30885720	7	7542223	3.74745	3.73513	0.00018402
Affx-30903617	7	7676645	0.513572	0.214634	0.610051
Affx-30933930	7	7904583	2.24828	1.60048	0.0250909
Affx-30957494	7	8089395	0.625199	0.271437	0.535258
Affx-30961658	7	8127032	1.30413	0.713092	0.193601
Affx-30973162	7	8228404	1.00835	0.498516	0.317311
Affx-30997379	7	8416809	1.84963	1.18198	0.0657682
Affx-50120382	7	8652100	1.80527	1.14351	0.0718606
Affx-31027542	7	8671617	0.081243	0.0286141	0.936237
Affx-31082535	7	9070276	0.783997	0.361121	0.435391
Affx-31114405	7	9342523	0.630874	0.276795	0.528695
Affx-31138120	7	9548377	1.37922	0.7678	0.170687
Affx-31179162	7	9890484	0.803835	0.37293	0.423711
Affx-29364982	7	10151027	0.578209	0.245134	0.568678
Affx-29457166	7	10863622	0.237429	0.087198	0.818092
Affx-29504189	7	11270187	1.26193	0.682628	0.207669
Affx-29537814	7	11585128	2.1173	1.45769	0.0348584
Affx-29742597	7	13324278	2.00855	1.34199	0.0455003
Affx-29765751	7	13506268	0.0591754	0.0176734	0.960122
Affx-29973879	7	15126394	1.73167	1.07764	0.0836303
Affx-50116553	7	15394253	1.94235	1.28084	0.0523797
Affx-30061343	7	15751625	2.04953	1.38352	0.0413503
Affx-30063387	7	15766175	3.91293	4.03482	9.22961E-05
Affx-30104501	7	16310180	1.78883	1.1245	0.075076
Affx-30106062	7	16412038	1.53918	0.899572	0.126017
Affx-30106202	7	16422368	1.27303	0.69019	0.204085
Affx-30107933	7	16546336	2.07365	1.41508	0.0384523
Affx-30110313	7	16699272	0.0827658	0.0286141	0.936237
Affx-30110329	7	16700140	0.0401411	0.0140829	0.968093
Affx-30114063	7	16952637	1.88902	1.22107	0.0601081
Affx-30120585	7	17407762	0.900804	0.43401	0.36812
Affx-30121177	7	17468109	0.656635	0.287609	0.515692
Affx-30124072	7	17694411	0.383787	0.152461	0.703945
Affx-30129738	7	18076656	2.23986	1.58927	0.0257474
Affx-30129768	7	18078761	0.335653	0.129947	0.7414
Affx-30134811	7	18461227	0.568587	0.23997	0.575479
Affx-30140866	7	18955851	2.65406	2.09425	0.00804918
Affx-30141160	7	18972510	2.78037	2.26473	0.00543589
Affx-30141665	7	19005533	0.0213725	0.00698576	0.984043
Affx-30152229	7	19786930	0.550703	0.234839	0.582319
Affx-30163844	7	20577557	0.230565	0.087198	0.818092
Affx-30167784	7	20861879	1.35894	0.751988	0.177016
Affx-30173169	7	21239512	0.706371	0.31522	0.483927
Affx-30175812	7	21429719	0.287985	0.108196	0.779478
Affx-30176382	7	21478687	1.6054	0.960195	0.109599
Affx-30176383	7	21478720	1.44802	0.824293	0.149867
Affx-30176393	7	21478883	2.32273	1.69163	0.0203409
Affx-30177767	7	21570553	0.412455	0.166339	0.681806
Affx-30179215	7	21671117	0.567724	0.23997	0.575479
Affx-30183181	7	21931481	0.255467	0.0955077	0.802587
Affx-30183182	7	21931593	0.679203	0.298555	0.502858
Affx-30184147	7	21992109	0.0787163	0.0249389	0.944194
Affx-30184818	7	22030151	0.9173	0.440306	0.362823
Affx-30184924	7	22037179	2.21878	1.56695	0.0271052
Affx-30188094	7	22229987	0.240303	0.0913379	0.81033
Affx-30188143	7	22233190	0.655629	0.287609	0.515692
Affx-30189159	7	22296669	1.71347	1.05916	0.0872659
Affx-30190700	7	22403937	0.989821	0.485338	0.327086
Affx-30193244	7	22618236	2.15681	1.50093	0.0315552
Affx-30193510	7	22639716	2.62143	2.05586	0.00879298
Affx-30193728	7	22655250	1.89436	1.23093	0.058758
Affx-30193735	7	22655768	1.86325	1.20145	0.0628855
Affx-30194874	7	22733461	0.79475	0.367009	0.429528
Affx-30195349	7	22762665	1.01359	0.505157	0.312495
Affx-30195719	7	22792067	4.15029	4.47824	3.32475E-05
Affx-30200044	7	23093311	2.70162	2.15902	0.00693395
Affx-30201539	7	23195373	2.00731	1.34199	0.0455003
Affx-30215377	7	24235311	2.07874	1.41508	0.0384523
Affx-30216194	7	24277141	0.0963192	0.0323176	0.928287
Affx-30223418	7	24745808	0.0980828	0.0323176	0.928287
Affx-30233176	7	25445469	1.56218	0.92533	0.11876
Affx-50117311	7	25689848	0.873477	0.415329	0.3843
Affx-30239886	7	25899985	0.850501	0.403046	0.395325
Affx-30240535	7	25940607	0.966356	0.472299	0.337055
Affx-30241238	7	26002279	0.292527	0.112486	0.771816
Affx-30241833	7	26049246	0.335462	0.129947	0.7414
Affx-30242238	7	26074559	0.756397	0.343658	0.453255
Affx-30242268	7	26077226	0.663437	0.293066	0.509254
Affx-50117346	7	26409935	1.76601	1.10564	0.0784078
Affx-30249919	7	26678227	0.891906	0.427749	0.373466
Affx-30250393	7	26710613	0.292075	0.112486	0.771816
Affx-30253224	7	26928390	1.11574	0.57349	0.266999
Affx-30257356	7	27271655	0.684265	0.304077	0.496504
Affx-30263498	7	27710991	0.679109	0.298555	0.502858
Affx-30263628	7	27720693	0.724804	0.326495	0.471525
Affx-30266804	7	27934256	1.37303	0.7678	0.170687
Affx-30270052	7	28192569	1.56967	0.92533	0.11876
Affx-30270133	7	28197818	1.94841	1.28084	0.0523797
Affx-50117408	7	28292833	0.290689	0.112486	0.771816
Affx-30271346	7	28294877	0.136313	0.0474175	0.896566
Affx-30272919	7	28424328	2.36216	1.73814	0.0182749
Affx-30278743	7	28844751	0.237828	0.087198	0.818092
Affx-30279087	7	28871071	2.07961	1.41508	0.0384523
Affx-30284521	7	29269059	0.218548	0.079007	0.833668
Affx-30292938	7	29861948	1.47383	0.849054	0.141562
Affx-30294788	7	29983241	4.06093	4.30916	4.90727E-05
Affx-30296960	7	30127751	2.34627	1.71481	0.0192837
Affx-30297450	7	30160967	0.291845	0.112486	0.771816
Affx-30299059	7	30281639	0.680665	0.304077	0.496504
Affx-30300253	7	30399240	0.538486	0.224672	0.596112
Affx-30301383	7	30504270	0.786964	0.361121	0.435391
Affx-30309864	7	31133935	2.52153	1.9305	0.0117355
Affx-30313925	7	31457059	1.97569	1.31124	0.0488384
Affx-30318078	7	31749616	2.69058	2.14599	0.0071452
Affx-30321419	7	31993529	0.878569	0.415329	0.3843
Affx-30321611	7	32007109	0.0630838	0.0212921	0.952156
Affx-30322909	7	32093900	0.0716938	0.0249389	0.944194
Affx-30323904	7	32165834	0.0972403	0.0323176	0.928287
Affx-30324112	7	32180329	1.00807	0.498516	0.317311
Affx-30328795	7	32520493	0.942513	0.459398	0.347218
Affx-30329753	7	32587836	1.0526	0.532069	0.293718
Affx-50117611	7	32591758	0.639144	0.276795	0.528695
Affx-30330095	7	32606981	0.994027	0.491909	0.322174
Affx-30332444	7	32745789	0.741551	0.337904	0.4593
Affx-30332465	7	32747858	0.851939	0.403046	0.395325
Affx-30334224	7	32842302	0.612124	0.266111	0.541862
Affx-30334775	7	32873468	1.76614	1.10564	0.0784078
Affx-50117640	7	33286643	0.0299015	0.00698576	0.984043
Affx-30348477	7	33897928	1.95704	1.29093	0.0511761
Affx-30348669	7	33914463	0.0644438	0.0212921	0.952156
Affx-30351416	7	34095476	0.185806	0.0669419	0.857153
Affx-30352261	7	34157203	3.25644	2.93778	0.00115405
Affx-30352734	7	34190698	1.39464	0.783758	0.164529
Affx-30353374	7	34246778	3.57609	3.44735	0.000356981
Affx-30353554	7	34263070	0.25069	0.0955077	0.802587
Affx-30353612	7	34268289	1.06969	0.538885	0.289145
Affx-30358718	7	34681229	0.47996	0.194938	0.638355
Affx-30362420	7	34985856	0.939227	0.453	0.352371
Affx-30362489	7	34990106	1.44993	0.824293	0.149867
Affx-30363173	7	35038589	0.398746	0.157056	0.696537
Affx-30371870	7	35685529	0.128789	0.0435995	0.904483
Affx-30373158	7	35774877	0.0717675	0.0249389	0.944194
Affx-30373256	7	35780679	1.64045	0.995656	0.101005
Affx-30373418	7	35792188	1.53698	0.899572	0.126017
Affx-30373910	7	35829867	2.95444	2.49788	0.00317774
Affx-30382779	7	36540489	1.39746	0.783758	0.164529
Affx-30382810	7	36542253	0.437846	0.175747	0.667196
Affx-30383527	7	36595543	0.342952	0.134389	0.733857
Affx-30385783	7	36764215	1.29457	0.705422	0.197051
Affx-30390228	7	37104695	1.24376	0.667611	0.214975
Affx-30390395	7	37125110	0.560021	0.23997	0.575479
Affx-30390616	7	37139744	0.0575417	0.0176734	0.960122
Affx-50117847	7	37254129	1.44788	0.824293	0.149867
Affx-30393638	7	37351448	0.577421	0.245134	0.568678
Affx-30397226	7	37644287	1.24474	0.667611	0.214975
Affx-30399937	7	37832689	0.871513	0.415329	0.3843
Affx-30400502	7	37871909	0.387645	0.152461	0.703945
Affx-30400558	7	37875438	1.20023	0.638009	0.230139
Affx-30402725	7	38037297	1.19702	0.630698	0.234046
Affx-30402817	7	38044257	1.19675	0.630698	0.234046
Affx-30403705	7	38114534	0.320594	0.125537	0.748968
Affx-30404349	7	38171125	0.482156	0.199814	0.631227
Affx-30413605	7	38792637	3.6415	3.56441	0.000272638
Affx-30413611	7	38792976	4.50144	5.16779	6.79535E-06
Affx-30417374	7	39028678	1.95705	1.29093	0.0511761
Affx-30418108	7	39074741	1.06474	0.538885	0.289145
Affx-30427621	7	39791244	1.6921	1.04083	0.091028
Affx-30430022	7	39993110	0.695538	0.309632	0.490194
Affx-50118065	7	40668529	2.95387	2.49788	0.00317774
Affx-50118117	7	40801679	1.23965	0.660157	0.218697
Affx-50118138	7	40876463	2.03845	1.37308	0.0423565
Affx-50118163	7	40960539	2.20206	1.55585	0.0278069
Affx-50118306	7	41493467	0.427768	0.171027	0.674485
Affx-50118325	7	41545975	1.64357	0.995656	0.101005
Affx-50118358	7	41655768	1.33856	0.736321	0.183518
Affx-50118482	7	42076506	2.25719	1.61174	0.0244489
Affx-50118557	7	42274018	1.10889	0.566499	0.271332
Affx-50118564	7	42285198	3.60353	3.49728	0.000318217
Affx-50118572	7	42290309	0.093149	0.0323176	0.928287
Affx-50118587	7	42345294	1.5497	0.908121	0.12356
Affx-50118588	7	42347281	2.81008	2.30503	0.00495415
Affx-50118599	7	42375152	1.7891	1.1245	0.075076
Affx-50118616	7	42437890	0.555375	0.234839	0.582319
Affx-50118621	7	42449751	0.0358082	0.0105203	0.976067
Affx-50118627	7	42479510	0.0428989	0.0140829	0.968093
Affx-50118660	7	42611796	0.425693	0.171027	0.674485
Affx-50118833	7	43234485	0.325214	0.125537	0.748968
Affx-50119051	7	44327746	1.39756	0.783758	0.164529
Affx-50119066	7	44427542	1.19467	0.630698	0.234046
Affx-30487483	7	44935717	0.459117	0.185279	0.65271
Affx-30488143	7	44992026	0.938078	0.453	0.352371
Affx-30488533	7	45025915	0.0130056	0.00347901	0.992021
Affx-30489359	7	45119377	0.612927	0.266111	0.541862
Affx-30489859	7	45178570	0.824231	0.384875	0.412216
Affx-30490296	7	45227469	0.165721	0.0590449	0.872881
Affx-30490356	7	45232809	0.881985	0.421522	0.378859
Affx-30490486	7	45245456	1.42774	0.807969	0.155608
Affx-30492979	7	45461408	0.117363	0.0398103	0.912409
Affx-30496635	7	45773070	1.06621	0.538885	0.289145
Affx-50119125	7	45845208	0.20105	0.0749559	0.841481
Affx-30498234	7	45904689	0.533843	0.224672	0.596112
Affx-30498747	7	45948012	2.40135	1.78529	0.0163951
Affx-30499574	7	45999263	0.396763	0.157056	0.696537
Affx-30504474	7	46390374	1.17973	0.616183	0.242001
Affx-30505929	7	46506309	0.733517	0.332183	0.46539
Affx-30508851	7	46703975	3.12642	2.74268	0.00180851
Affx-30515257	7	47151818	1.59802	0.951423	0.111835
Affx-30517345	7	47330829	0.305208	0.116806	0.764177
Affx-30519963	7	47539922	0.28302	0.108196	0.779478
Affx-30521473	7	47642050	1.7586	1.09627	0.0801183
Affx-30521601	7	47652698	2.20876	1.55585	0.0278069
Affx-30526549	7	48052613	0.171745	0.0629788	0.86501
Affx-30528985	7	48263760	0.240271	0.0913379	0.81033
Affx-30529736	7	48323008	0.217746	0.079007	0.833668
Affx-30530379	7	48376238	1.09893	0.559543	0.275713
Affx-30531051	7	48430920	2.28247	1.64574	0.0226077
Affx-30531332	7	48456079	3.3611	3.10823	0.000779425
Affx-30537850	7	48955298	2.12935	1.46844	0.034006
Affx-30541185	7	49311386	2.04042	1.38352	0.0413503
Affx-30541957	7	49372780	1.10931	0.566499	0.271332
Affx-30542223	7	49393014	0.51404	0.214634	0.610051
Affx-30542561	7	49409199	0.0875307	0.0286141	0.936237
Affx-30544028	7	49530505	4.04532	4.27204	5.34512E-05
Affx-30545901	7	49699428	1.5905	0.951423	0.111835
Affx-30546448	7	49744150	1.34388	0.744136	0.180245
Affx-30555547	7	50417999	0.271008	0.103937	0.78716
Affx-30555926	7	50439085	0.311712	0.121156	0.756561
Affx-30564604	7	51108654	0.640274	0.282186	0.522173
Affx-30565824	7	51219458	1.74089	1.08693	0.081859
Affx-30570016	7	51591016	0.783421	0.361121	0.435391
Affx-30570063	7	51595877	0.422329	0.171027	0.674485
Affx-30572915	7	51821723	2.2017	1.55585	0.0278069
Affx-30574068	7	51920496	0.48619	0.199814	0.631227
Affx-30574358	7	51945624	0.0437603	0.0140829	0.968093
Affx-37228200	7	51983926	2.33531	1.7032	0.0198062
Affx-30575962	7	52076200	1.04802	0.525289	0.29834
Affx-30577508	7	52211539	0.84838	0.396955	0.400908
Affx-30585775	7	52863182	1.25338	0.675101	0.2113
Affx-30599022	7	53741776	1.33058	0.736321	0.183518
Affx-30599807	7	53792086	0.490857	0.204722	0.624134
Affx-30601914	7	53927015	1.45265	0.83251	0.147059
Affx-30603020	7	53995623	0.476134	0.194938	0.638355
Affx-30603970	7	54052752	0.939935	0.453	0.352371
Affx-50119527	7	54806741	1.23394	0.660157	0.218697
Affx-30615988	7	54909442	2.95748	2.49788	0.00317774
Affx-30631324	7	55984512	0.559008	0.234839	0.582319
Affx-30632894	7	56105808	1.68541	1.03172	0.0929573
Affx-30634758	7	56228071	3.88103	3.98106	0.000104456
Affx-30634940	7	56238909	1.84818	1.18198	0.0657682
Affx-30638085	7	56473433	1.41333	0.799862	0.15854
Affx-30638828	7	56540380	1.36453	0.759875	0.17383
Affx-30639630	7	56616599	1.85958	1.1917	0.0643135
Affx-50119743	7	63068118	1.24102	0.667611	0.214975
Affx-50119748	7	63079367	0.549074	0.229739	0.589197
Affx-30732487	7	63998505	1.97548	1.31124	0.0488384
Affx-30732666	7	64008224	0.13959	0.0474175	0.896566
Affx-30736770	7	64318843	0.905067	0.43401	0.36812
Affx-30737446	7	64376623	0.223853	0.0830877	0.825871
Affx-30742183	7	64644492	1.23302	0.660157	0.218697
Affx-30748116	7	65082914	0.354697	0.138861	0.726339
Affx-30756786	7	65576364	3.80293	3.83954	0.000144696
Affx-30760371	7	65920716	2.28154	1.64574	0.0226077
Affx-30760403	7	65924226	0.598964	0.255558	0.555191
Affx-30767276	7	66561924	4.55791	5.27046	5.36459E-06
Affx-30775800	7	67165083	0.299008	0.112486	0.771816
Affx-30778632	7	67377483	0.602636	0.260818	0.548506
Affx-30783808	7	67723542	0.85785	0.403046	0.395325
Affx-30792630	7	68299140	0.725122	0.326495	0.471525
Affx-30792644	7	68300160	0.595652	0.255558	0.555191
Affx-30794477	7	68436998	0.0232176	0.00698576	0.984043
Affx-30794480	7	68437065	0.230574	0.087198	0.818092
Affx-30799615	7	68791622	2.986	2.54023	0.00288248
Affx-30799791	7	68801216	3.74012	3.73513	0.00018402
Affx-30800831	7	68870793	1.16484	0.608979	0.246049
Affx-30802070	7	68964043	1.0742	0.545736	0.284619
Affx-30804862	7	69181521	0.30562	0.116806	0.764177
Affx-30804864	7	69181632	0.35722	0.138861	0.726339
Affx-30807259	7	69395717	2.50121	1.9059	0.0124193
Affx-30807643	7	69434464	0.553253	0.234839	0.582319
Affx-30807800	7	69454889	0.995272	0.491909	0.322174
Affx-30808493	7	69529764	0.639136	0.276795	0.528695
Affx-30808900	7	69570620	2.71592	2.17209	0.00672832
Affx-30810530	7	69745413	0.157716	0.0551401	0.880765
Affx-30813652	7	70061245	2.20836	1.55585	0.0278069
Affx-30813963	7	70095185	1.629	0.977851	0.105232
Affx-30822560	7	70721510	1.59563	0.951423	0.111835
Affx-30825353	7	70924684	0.202464	0.0749559	0.841481
Affx-30832508	7	71449313	0.786299	0.361121	0.435391
Affx-30834051	7	71563853	0.667561	0.293066	0.509254
Affx-30834729	7	71614057	0.259836	0.0955077	0.802587
Affx-30836302	7	71720759	0.616398	0.266111	0.541862
Affx-30841307	7	72094761	0.535902	0.224672	0.596112
Affx-30858061	7	73266016	1.50279	0.874147	0.133614
Affx-30886711	7	75433522	0.842684	0.396955	0.400908
Affx-30905975	7	76790616	0.817127	0.378886	0.41794
Affx-30912891	7	77392168	1.09762	0.559543	0.275713
Affx-30914001	7	77455360	0.2241	0.0830877	0.825871
Affx-30914071	7	77461880	1.39623	0.783758	0.164529
Affx-30921267	7	77965043	1.13783	0.587579	0.258476
Affx-30922827	7	78073601	2.64469	2.08141	0.0082906
Affx-30929983	7	78628862	0.350516	0.138861	0.726339
Affx-30931412	7	78735208	0.215813	0.079007	0.833668
Affx-30931818	7	78765158	1.87192	1.21124	0.0614838
Affx-30947252	7	79995516	1.57083	0.933991	0.116415
Affx-30961151	7	81118887	1.0887	0.552621	0.280142
Affx-30970397	7	81851118	1.47329	0.849054	0.141562
Affx-30977990	7	82498988	2.42121	1.80909	0.0155205
Affx-30981601	7	82772649	1.68617	1.03172	0.0929573
Affx-30982219	7	82810817	1.1322	0.587579	0.258476
Affx-30988995	7	83301032	1.53145	0.899572	0.126017
Affx-31005164	7	84654837	0.39336	0.157056	0.696537
Affx-31012891	7	85281136	0.111003	0.0398103	0.912409
Affx-31014248	7	85388109	0.852925	0.403046	0.395325
Affx-31029193	7	86637506	0.0568407	0.0176734	0.960122
Affx-31029965	7	86695366	2.84466	2.34569	0.00451135
Affx-31030373	7	86735340	0.68165	0.304077	0.496504
Affx-31040265	7	87620649	0.807568	0.37293	0.423711
Affx-31041873	7	87770791	1.65655	1.00462	0.0989429
Affx-31042138	7	87801208	0.134566	0.0474175	0.896566
Affx-31044087	7	87988470	0.148104	0.0512644	0.88866
Affx-31061038	7	89307116	0.648376	0.282186	0.522173
Affx-31067221	7	89702620	1.48922	0.857381	0.138873
Affx-31069305	7	89849648	1.49187	0.865746	0.136224
Affx-31077220	7	90406801	1.29158	0.705422	0.197051
Affx-31078009	7	90460064	0.759034	0.343658	0.453255
Affx-31080347	7	90651023	0.164008	0.0590449	0.872881
Affx-31080610	7	90671738	1.20641	0.638009	0.230139
Affx-31101601	7	92646983	0.186802	0.0669419	0.857153
Affx-31105566	7	93016661	0.911036	0.440306	0.362823
Affx-31106213	7	93071572	0.92523	0.446636	0.357573
Affx-31111595	7	93492183	2.96438	2.51196	0.00307639
Affx-31112057	7	93534304	5.00553	6.24162	5.73303E-07
Affx-31112647	7	93585946	1.45296	0.83251	0.147059
Affx-31116197	7	93913687	0.391601	0.157056	0.696537
Affx-31124934	7	94721118	0.952048	0.465831	0.342112
Affx-31126811	7	94913710	2.41315	1.79717	0.0159525
Affx-31130204	7	95184902	0.911281	0.440306	0.362823
Affx-31130333	7	95196393	1.02596	0.511832	0.307728
Affx-31136526	7	95647953	2.04381	1.38352	0.0413503
Affx-31149865	7	96781293	2.5476	1.95525	0.0110852
Affx-31156164	7	97321030	1.36229	0.759875	0.17383
Affx-31156586	7	97328073	0.79884	0.367009	0.429528
Affx-31156743	7	97338299	2.20992	1.55585	0.0278069
Affx-31156946	7	97355249	1.64182	0.995656	0.101005
Affx-31168846	7	98282835	1.20885	0.638009	0.230139
Affx-31170409	7	98416114	3.48718	3.2998	0.000501414
Affx-31181088	7	99343000	0.756478	0.343658	0.453255
Affx-31181779	7	99415933	1.33702	0.736321	0.183518
Affx-31185267	7	99762196	0.264361	0.0997073	0.794864
Affx-29359383	7	101322028	0.573632	0.245134	0.568678
Affx-29360487	7	101394749	1.47124	0.849054	0.141562
Affx-29364460	7	101728807	0.735556	0.332183	0.46539
Affx-29378330	7	102686403	0.219946	0.079007	0.833668
Affx-29384242	7	103272099	0.249189	0.0913379	0.81033
Affx-29384306	7	103276673	0.120012	0.0435995	0.904483
Affx-29384462	7	103294652	0.539097	0.224672	0.596112
Affx-29385977	7	103410322	1.13787	0.587579	0.258476
Affx-29386108	7	103419259	2.14412	1.49006	0.0323548
Affx-29386238	7	103426642	1.33755	0.736321	0.183518
Affx-29390103	7	103705392	1.85166	1.1917	0.0643135
Affx-29392670	7	103864005	0.767324	0.349445	0.447255
Affx-29404183	7	104740732	0.24961	0.0913379	0.81033
Affx-29405035	7	104816375	0.551632	0.234839	0.582319
Affx-29407294	7	105021409	3.38816	3.13975	0.000724858
Affx-29412903	7	105490293	1.3936	0.783758	0.164529
Affx-29414334	7	105603369	1.14877	0.594677	0.254286
Affx-29414825	7	105641760	0.245424	0.0913379	0.81033
Affx-29417987	7	105890288	2.34741	1.71481	0.0192837
Affx-29418310	7	105914398	0.969034	0.472299	0.337055
Affx-50114753	7	105919355	2.75733	2.22479	0.00595953
Affx-29421011	7	106121297	1.18337	0.623423	0.238
Affx-29421550	7	106168001	2.31542	1.6801	0.0208882
Affx-29422675	7	106254407	0.112105	0.0398103	0.912409
Affx-29423007	7	106275001	0.607297	0.260818	0.548506
Affx-29423473	7	106309306	0.928054	0.446636	0.357573
Affx-29423635	7	106321900	1.83459	1.17231	0.0672499
Affx-29426266	7	106522001	2.26717	1.62304	0.0238213
Affx-29426388	7	106534706	0.67206	0.298555	0.502858
Affx-29428701	7	106733989	1.75827	1.09627	0.0801183
Affx-29431456	7	106979663	0.913395	0.440306	0.362823
Affx-50114804	7	107595675	0.0616616	0.0212921	0.952156
Affx-29439517	7	107729785	0.562254	0.23997	0.575479
Affx-29445531	7	108196359	1.93972	1.27078	0.0536068
Affx-29446237	7	108255444	0.693439	0.309632	0.490194
Affx-29447496	7	108361754	0.187945	0.0669419	0.857153
Affx-29463496	7	109649330	1.31319	0.720799	0.190196
Affx-29467893	7	110014264	0.637361	0.276795	0.528695
Affx-29488873	7	111846285	2.22993	1.57809	0.0264188
Affx-29492194	7	112128621	0.813704	0.378886	0.41794
Affx-29496720	7	112518311	0.129276	0.0435995	0.904483
Affx-50114977	7	112899176	0.0873152	0.0286141	0.936237
Affx-29511162	7	113809560	1.1127	0.57349	0.266999
Affx-29511261	7	113818019	1.4384	0.816113	0.152717
Affx-29527936	7	115382525	1.00089	0.498516	0.317311
Affx-29527937	7	115382560	1.93151	1.27078	0.0536068
Affx-29528877	7	115464247	0.263992	0.0997073	0.794864
Affx-29535438	7	116048360	0.811694	0.378886	0.41794
Affx-29536543	7	116161394	0.436849	0.175747	0.667196
Affx-29544319	7	116813585	0.0968471	0.0323176	0.928287
Affx-29550251	7	117409306	1.77696	1.11505	0.0767271
Affx-29550498	7	117432176	1.03155	0.518543	0.30301
Affx-29550813	7	117462088	1.10686	0.566499	0.271332
Affx-29558295	7	118145561	1.44889	0.824293	0.149867
Affx-29559843	7	118301980	2.13464	1.47923	0.0331716
Affx-37279922	7	118524629	0.681762	0.304077	0.496504
Affx-29564331	7	118709711	0.242344	0.0913379	0.81033
Affx-29564905	7	118757210	1.33502	0.736321	0.183518
Affx-29565137	7	118779188	0.113308	0.0398103	0.912409
Affx-29567768	7	118978097	0.362419	0.143363	0.718847
Affx-29569663	7	119127052	0.387648	0.152461	0.703945
Affx-29574578	7	119562470	1.43183	0.816113	0.152717
Affx-29575624	7	119651750	0.155967	0.0551401	0.880765
Affx-29588604	7	120837369	1.09858	0.559543	0.275713
Affx-29593129	7	121285285	0.749186	0.337904	0.4593
Affx-29593793	7	121341524	1.51795	0.882585	0.131043
Affx-29596441	7	121552068	2.3568	1.72646	0.0187734
Affx-29596820	7	121582663	1.59213	0.951423	0.111835
Affx-29597272	7	121626364	1.11149	0.57349	0.266999
Affx-29620563	7	123541076	1.43951	0.816113	0.152717
Affx-29622932	7	123731049	0.456892	0.185279	0.65271
Affx-29631481	7	124493051	0.11277	0.0398103	0.912409
Affx-29634383	7	124713086	2.34802	1.71481	0.0192837
Affx-29635058	7	124767746	2.32357	1.69163	0.0203409
Affx-29635713	7	124840948	1.44162	0.824293	0.149867
Affx-29641522	7	125321777	0.206697	0.0749559	0.841481
Affx-29641585	7	125326033	0.201917	0.0749559	0.841481
Affx-29645383	7	125660211	0.154283	0.0551401	0.880765
Affx-29646327	7	125734366	1.07656	0.545736	0.284619
Affx-29650980	7	126044279	0.0317999	0.0105203	0.976067
Affx-29656849	7	126435646	0.88831	0.421522	0.378859
Affx-29667284	7	127268060	0.550147	0.234839	0.582319
Affx-29667392	7	127277457	0.51225	0.214634	0.610051
Affx-29674919	7	127848661	1.39659	0.783758	0.164529
Affx-29676631	7	127979854	2.0613	1.40452	0.0393985
Affx-29685618	7	128816918	0.603865	0.260818	0.548506
Affx-29685912	7	128836262	0.143782	0.0512644	0.88866
Affx-29686523	7	128889033	0.405562	0.161682	0.689157
Affx-29690389	7	129142667	2.58	2.00524	0.00988003
Affx-50115459	7	129510818	0.650786	0.287609	0.515692
Affx-29694970	7	129533123	0.551621	0.234839	0.582319
Affx-29701640	7	130088830	0.205479	0.0749559	0.841481
Affx-29702917	7	130188914	0.0353878	0.0105203	0.976067
Affx-29709294	7	130729402	2.99369	2.55443	0.00278977
Affx-50115507	7	130955810	0.0189352	0.00347901	0.992021
Affx-29715392	7	131320659	1.83304	1.17231	0.0672499
Affx-29716496	7	131411249	0.129359	0.0435995	0.904483
Affx-29719810	7	131661445	0.796865	0.367009	0.429528
Affx-50115546	7	131987698	0.78301	0.361121	0.435391
Affx-29723991	7	132020488	0.347428	0.134389	0.733857
Affx-29730058	7	132461648	0.611165	0.266111	0.541862
Affx-29730548	7	132499264	0.386358	0.152461	0.703945
Affx-29731307	7	132559210	1.80666	1.14351	0.0718606
Affx-29732636	7	132648522	0.886348	0.421522	0.378859
Affx-29734871	7	132828774	2.02747	1.36268	0.0433834
Affx-29738783	7	133155502	0.106597	0.0360497	0.920344
Affx-29738787	7	133155702	0.318932	0.121156	0.756561
Affx-29739163	7	133185068	0.034849	0.0105203	0.976067
Affx-29743680	7	133598266	0.630507	0.276795	0.528695
Affx-29759937	7	134958442	0.735625	0.332183	0.46539
Affx-29760983	7	135036688	0.722255	0.326495	0.471525
Affx-50115698	7	135109308	0.824046	0.384875	0.412216
Affx-29762395	7	135127276	1.52746	0.89106	0.128511
Affx-29762466	7	135131655	1.95724	1.29093	0.0511761
Affx-29768390	7	135648154	0.533753	0.224672	0.596112
Affx-29768774	7	135684365	0.236254	0.087198	0.818092
Affx-50115758	7	136473856	0.0488429	0.0140829	0.968093
Affx-29778776	7	136481502	0.135884	0.0474175	0.896566
Affx-29779783	7	136560865	1.0405	0.525289	0.29834
Affx-29797408	7	137951181	1.07847	0.545736	0.284619
Affx-29799643	7	138129051	1.03419	0.518543	0.30301
Affx-29800735	7	138217967	1.54921	0.908121	0.12356
Affx-29800962	7	138234540	0.384405	0.152461	0.703945
Affx-29809440	7	138907891	0.547336	0.229739	0.589197
Affx-37295452	7	139160961	1.3848	0.775761	0.167587
Affx-29819269	7	139616397	1.4587	0.83251	0.147059
Affx-29819877	7	139661972	1.86487	1.20145	0.0628855
Affx-29819921	7	139664982	0.488897	0.199814	0.631227
Affx-29820098	7	139676254	1.18253	0.623423	0.238
Affx-29830289	7	140557662	0.656206	0.287609	0.515692
Affx-29835783	7	141003459	2.53679	1.94286	0.0114063
Affx-29836641	7	141062872	3.27169	2.9684	0.00107547
Affx-29842128	7	141526951	3.01703	2.58295	0.00261248
Affx-29843589	7	141654420	2.91272	2.44198	0.00361429
Affx-29844657	7	141739398	1.47434	0.849054	0.141562
Affx-29844821	7	141756832	3.41576	3.18733	0.000649629
Affx-29847949	7	142037881	0.663058	0.293066	0.509254
Affx-50115952	7	142047468	0.0334673	0.0105203	0.976067
Affx-29848102	7	142052038	0.348076	0.134389	0.733857
Affx-29848740	7	142109441	0.38636	0.152461	0.703945
Affx-29852519	7	142469993	0.916676	0.440306	0.362823
Affx-29855050	7	142657085	1.48512	0.857381	0.138873
Affx-29857515	7	142819490	2.13753	1.47923	0.0331716
Affx-29858320	7	142886839	0.273169	0.103937	0.78716
Affx-29858655	7	142915919	0.444474	0.180497	0.659937
Affx-29859103	7	142944217	1.4758	0.849054	0.141562
Affx-29865837	7	143427090	2.62547	2.05586	0.00879298
Affx-29867548	7	143564210	0.782309	0.361121	0.435391
Affx-29868088	7	143599925	0.488832	0.199814	0.631227
Affx-29869142	7	143681024	0.710853	0.320841	0.477704
Affx-29874089	7	144137164	1.38382	0.775761	0.167587
Affx-29878666	7	144533926	0.0477479	0.0140829	0.968093
Affx-29890950	7	145500027	0.667393	0.293066	0.509254
Affx-29897286	7	145967621	0.393207	0.157056	0.696537
Affx-29899411	7	146126991	1.02696	0.511832	0.307728
Affx-29899427	7	146128039	0.939149	0.453	0.352371
Affx-29902953	7	146430616	0.261407	0.0997073	0.794864
Affx-29903983	7	146516636	1.62097	0.977851	0.105232
Affx-29906049	7	146673666	0.539062	0.224672	0.596112
Affx-29916574	7	147473921	0.157662	0.0551401	0.880765
Affx-29921851	7	147884261	1.85659	1.1917	0.0643135
Affx-29933526	7	148641231	0.341658	0.134389	0.733857
Affx-29935437	7	148783857	0.24558	0.0913379	0.81033
Affx-29945101	7	149500320	2.01019	1.35231	0.0444312
Affx-29945794	7	149560090	0.120979	0.0435995	0.904483
Affx-29949894	7	149889482	0.3733	0.147897	0.711382
Affx-29952762	7	150112292	0.395293	0.157056	0.696537
Affx-29952905	7	150126704	0.369505	0.143363	0.718847
Affx-29954956	7	150279571	0.618516	0.266111	0.541862
Affx-29956137	7	150371774	0.794206	0.367009	0.429528
Affx-29963254	7	150755738	2.88128	2.40047	0.00397675
Affx-29967011	7	151008856	0.954269	0.465831	0.342112
Affx-29967661	7	151045487	0.512355	0.214634	0.610051
Affx-29968372	7	151087195	0.919243	0.440306	0.362823
Affx-29968373	7	151087237	1.09955	0.559543	0.275713
Affx-29971193	7	151267176	3.07757	2.66947	0.00214059
Affx-29972066	7	151325803	0.532724	0.224672	0.596112
Affx-29972383	7	151349187	0.478904	0.194938	0.638355
Affx-29972779	7	151374333	2.47039	1.8693	0.0135113
Affx-29975952	7	151631618	4.69353	5.56351	2.73205E-06
Affx-29976837	7	151712437	2.69045	2.14599	0.0071452
Affx-29977012	7	151729657	0.521952	0.219637	0.603064
Affx-29978559	7	151855918	0.345862	0.134389	0.733857
Affx-29983521	7	152239332	4.65077	5.47895	3.31935E-06
Affx-29987237	7	152497310	0.815864	0.378886	0.41794
Affx-29987885	7	152536785	1.03875	0.518543	0.30301
Affx-29990483	7	152758050	1.03657	0.518543	0.30301
Affx-29995473	7	152986964	2.52494	1.9305	0.0117355
Affx-30009221	7	153964502	0.393327	0.157056	0.696537
Affx-30011439	7	154128991	2.53114	1.94286	0.0114063
Affx-30012687	7	154201665	3.86341	3.94544	0.000113387
Affx-30017424	7	154583038	2.50784	1.9059	0.0124193
Affx-50116715	7	154802149	1.96464	1.30107	0.0499958
Affx-30023913	7	155001110	0.299639	0.112486	0.771816
Affx-30027154	7	155317233	0.30827	0.116806	0.764177
Affx-30028395	7	155394863	1.53466	0.899572	0.126017
Affx-30032981	7	155710567	0.673515	0.298555	0.502858
Affx-30033114	7	155723122	1.00145	0.498516	0.317311
Affx-30033635	7	155774732	0.145717	0.0512644	0.88866
Affx-30037286	7	155983766	1.87879	1.21124	0.0614838
Affx-30037309	7	155985358	0.0580078	0.0176734	0.960122
Affx-30039733	7	156214869	1.11983	0.57349	0.266999
Affx-30040084	7	156241522	0.289684	0.108196	0.779478
Affx-50116785	7	156283348	1.08597	0.552621	0.280142
Affx-30050822	7	156962884	4.4759	5.10668	7.82196E-06
Affx-30053461	7	157142641	1.22925	0.652739	0.222465
Affx-30054142	7	157180080	4.02802	4.23509	5.81981E-05
Affx-30060119	7	157606535	2.2196	1.56695	0.0271052
Affx-30062358	7	157793658	1.58449	0.942688	0.114107
Affx-50116836	7	158184530	0.476021	0.194938	0.638355
Affx-30072611	7	158524184	2.64139	2.08141	0.0082906
Affx-30078337	7	158885161	1.56822	0.92533	0.11876
Affx-30084975	7	159230846	0.285669	0.108196	0.779478
Affx-30091370	7	159647213	1.42235	0.807969	0.155608
Affx-30098060	7	160132160	1.62764	0.977851	0.105232
Affx-30099969	7	160226240	0.203606	0.0749559	0.841481
